y_true,y_prob,y_pred
0,0.4593222737312317,0
0,0.4565817713737488,0
1,0.46991676092147827,0
1,0.4654694199562073,0
0,0.4736270606517792,0
1,0.4727202355861664,0
0,0.471596896648407,0
1,0.4596487581729889,0
1,0.4726286232471466,0
0,0.47225090861320496,0
1,0.47310683131217957,0
1,0.45303529500961304,0
1,0.4646894931793213,0
1,0.470102995634079,0
1,0.4603016972541809,0
1,0.47272050380706787,0
1,0.46137043833732605,0
1,0.4740912616252899,0
0,0.455661416053772,0
1,0.45587921142578125,0
1,0.4728158414363861,0
0,0.47277122735977173,0
1,0.473602831363678,0
0,0.47271353006362915,0
1,0.4729311168193817,0
1,0.4602069854736328,0
0,0.46965292096138,0
1,0.46065613627433777,0
0,0.4696517586708069,0
0,0.46009841561317444,0
1,0.4555322527885437,0
1,0.4710225462913513,0
1,0.46817880868911743,0
1,0.4593943953514099,0
1,0.4537479877471924,0
1,0.4727543592453003,0
0,0.45520663261413574,0
0,0.4728725552558899,0
1,0.4584488868713379,0
0,0.4577513337135315,0
1,0.4536755681037903,0
0,0.4678081274032593,0
1,0.4671030342578888,0
1,0.46915143728256226,0
1,0.4719885289669037,0
1,0.4730210304260254,0
1,0.4701874256134033,0
1,0.455068439245224,0
0,0.4726851284503937,0
1,0.47180765867233276,0
0,0.46704384684562683,0
1,0.47237685322761536,0
0,0.4646085798740387,0
0,0.46368804574012756,0
1,0.4723452031612396,0
1,0.45641249418258667,0
0,0.47111818194389343,0
1,0.45779678225517273,0
1,0.45992499589920044,0
1,0.4739612638950348,0
0,0.4721260964870453,0
0,0.47307705879211426,0
0,0.46898388862609863,0
1,0.47308528423309326,0
1,0.4593820869922638,0
1,0.4702794551849365,0
1,0.4696521759033203,0
1,0.47197404503822327,0
0,0.4738733172416687,0
1,0.4567374587059021,0
0,0.46466064453125,0
1,0.46845245361328125,0
1,0.471851646900177,0
1,0.4650060534477234,0
1,0.45741865038871765,0
1,0.4705795645713806,0
0,0.47269436717033386,0
0,0.46466174721717834,0
1,0.46991074085235596,0
1,0.4681738615036011,0
0,0.46874070167541504,0
1,0.47232183814048767,0
1,0.46859240531921387,0
1,0.4696522355079651,0
0,0.47379928827285767,0
1,0.46987536549568176,0
1,0.456201434135437,0
0,0.47217148542404175,0
0,0.4647366404533386,0
0,0.45879238843917847,0
0,0.45411890745162964,0
0,0.4644363224506378,0
1,0.46222540736198425,0
1,0.46480080485343933,0
1,0.4731065034866333,0
1,0.4563279449939728,0
1,0.46393728256225586,0
1,0.47275131940841675,0
0,0.4729551076889038,0
1,0.4608742892742157,0
1,0.47040489315986633,0
1,0.4657040536403656,0
0,0.4702053368091583,0
1,0.4552052617073059,0
0,0.4691314101219177,0
1,0.46092692017555237,0
0,0.4720443785190582,0
1,0.4696473479270935,0
1,0.4673914909362793,0
1,0.4646652936935425,0
1,0.4651818871498108,0
0,0.4686429798603058,0
0,0.47026047110557556,0
0,0.46410301327705383,0
0,0.4563722610473633,0
0,0.47262489795684814,0
1,0.4706780016422272,0
0,0.4696519672870636,0
0,0.46447479724884033,0
0,0.4715655446052551,0
1,0.4577171504497528,0
1,0.4695694148540497,0
1,0.4556276500225067,0
0,0.47254544496536255,0
0,0.47305336594581604,0
0,0.4646017849445343,0
1,0.4567968249320984,0
1,0.4665830433368683,0
1,0.47275158762931824,0
0,0.4635878801345825,0
1,0.4704377055168152,0
0,0.46595269441604614,0
1,0.47266414761543274,0
0,0.46887221932411194,0
0,0.4733428359031677,0
0,0.4710181951522827,0
1,0.4722597897052765,0
0,0.4725234806537628,0
0,0.46855810284614563,0
1,0.4592408835887909,0
0,0.4611949324607849,0
1,0.47290077805519104,0
1,0.46801087260246277,0
0,0.4624599814414978,0
0,0.45288366079330444,0
0,0.47240644693374634,0
1,0.4623270332813263,0
1,0.45359548926353455,0
0,0.47274357080459595,0
0,0.4723428189754486,0
1,0.47088128328323364,0
0,0.46230462193489075,0
1,0.4662514626979828,0
1,0.47203394770622253,0
1,0.4509175717830658,0
1,0.46094828844070435,0
0,0.45541512966156006,0
0,0.4680437743663788,0
1,0.4616689682006836,0
0,0.4696982502937317,0
0,0.4547858238220215,0
1,0.4696758985519409,0
0,0.47015315294265747,0
1,0.46936312317848206,0
1,0.470723956823349,0
0,0.47223058342933655,0
1,0.47348442673683167,0
1,0.4738428592681885,0
0,0.4680725336074829,0
0,0.4627481698989868,0
1,0.46971699595451355,0
1,0.4727823734283447,0
1,0.4727885127067566,0
1,0.4686329662799835,0
0,0.47201329469680786,0
1,0.4730819761753082,0
1,0.4655543565750122,0
0,0.4593797028064728,0
1,0.46738284826278687,0
1,0.47105374932289124,0
0,0.46857982873916626,0
1,0.464209645986557,0
0,0.4696066975593567,0
1,0.4696540832519531,0
0,0.47299233078956604,0
1,0.4732082486152649,0
1,0.45736318826675415,0
1,0.47271427512168884,0
1,0.4671548306941986,0
0,0.46298977732658386,0
0,0.4723964333534241,0
1,0.4520406126976013,0
1,0.47002169489860535,0
1,0.46497148275375366,0
1,0.4661119878292084,0
0,0.45493030548095703,0
1,0.4731806516647339,0
0,0.46311768889427185,0
0,0.4716123342514038,0
1,0.47232621908187866,0
1,0.4717697501182556,0
1,0.47229281067848206,0
1,0.4728142023086548,0
1,0.4704340994358063,0
0,0.46929338574409485,0
1,0.473421186208725,0
1,0.46561503410339355,0
1,0.4721941351890564,0
1,0.4616529047489166,0
1,0.4601599872112274,0
1,0.4718991219997406,0
1,0.47096794843673706,0
0,0.46988117694854736,0
0,0.4645738899707794,0
1,0.46922460198402405,0
1,0.468065083026886,0
0,0.472647488117218,0
1,0.4710628390312195,0
0,0.46965017914772034,0
1,0.4611569046974182,0
1,0.4714716374874115,0
0,0.47048071026802063,0
0,0.46450987458229065,0
0,0.4711361825466156,0
1,0.47240695357322693,0
0,0.4604812562465668,0
1,0.46840202808380127,0
0,0.4696546494960785,0
1,0.45513975620269775,0
1,0.4622405171394348,0
1,0.4598619341850281,0
0,0.4599902331829071,0
0,0.4630516767501831,0
1,0.4739932417869568,0
1,0.46692439913749695,0
1,0.4701353907585144,0
0,0.4625105857849121,0
1,0.46849337220191956,0
1,0.4724940359592438,0
1,0.46137064695358276,0
1,0.4682117998600006,0
1,0.4698253870010376,0
0,0.4551870822906494,0
0,0.4708566963672638,0
1,0.4741058051586151,0
1,0.4713685214519501,0
1,0.46747952699661255,0
1,0.4712878465652466,0
1,0.4739382266998291,0
0,0.469179630279541,0
0,0.46746620535850525,0
1,0.4727102220058441,0
1,0.47002777457237244,0
1,0.46875619888305664,0
0,0.4558239281177521,0
0,0.4522314667701721,0
1,0.46901804208755493,0
1,0.4575958251953125,0
1,0.4696783125400543,0
1,0.45290374755859375,0
1,0.47425374388694763,0
0,0.45765912532806396,0
0,0.4603530168533325,0
1,0.45946016907691956,0
0,0.4601740837097168,0
0,0.46689048409461975,0
0,0.4696750044822693,0
1,0.4686957597732544,0
0,0.4700460433959961,0
0,0.46151497960090637,0
1,0.4541855752468109,0
0,0.4728538990020752,0
0,0.46769315004348755,0
0,0.4732914865016937,0
1,0.46987685561180115,0
0,0.45741766691207886,0
0,0.459196001291275,0
1,0.46244969964027405,0
0,0.4649038016796112,0
1,0.46132946014404297,0
0,0.47267773747444153,0
0,0.4568729102611542,0
1,0.46994033455848694,0
0,0.4698899984359741,0
0,0.4679693579673767,0
0,0.46603915095329285,0
0,0.47055739164352417,0
1,0.46219539642333984,0
1,0.4705428183078766,0
1,0.4688189923763275,0
1,0.4618617296218872,0
0,0.4609781801700592,0
1,0.47064346075057983,0
0,0.4719928503036499,0
0,0.4701501429080963,0
1,0.4683949947357178,0
1,0.4548272490501404,0
0,0.469652384519577,0
0,0.4710868000984192,0
1,0.47146177291870117,0
0,0.46832701563835144,0
0,0.47178414463996887,0
0,0.4703528583049774,0
0,0.47293612360954285,0
0,0.45934468507766724,0
1,0.4730105698108673,0
1,0.4711097776889801,0
0,0.47368547320365906,0
0,0.460848867893219,0
1,0.4643287658691406,0
1,0.46430251002311707,0
1,0.4688693881034851,0
0,0.4700244963169098,0
0,0.46411070227622986,0
0,0.4607539474964142,0
1,0.4623258113861084,0
0,0.47246283292770386,0
0,0.46492767333984375,0
0,0.46260255575180054,0
0,0.4739762544631958,0
0,0.46530428528785706,0
0,0.45986324548721313,0
1,0.4692220985889435,0
0,0.4658122658729553,0
1,0.4681517481803894,0
0,0.46565189957618713,0
0,0.47239452600479126,0
1,0.47363412380218506,0
0,0.4572408199310303,0
1,0.4647139310836792,0
1,0.469683438539505,0
1,0.4625578224658966,0
1,0.4739731550216675,0
1,0.47395288944244385,0
1,0.47189459204673767,0
1,0.4662203788757324,0
1,0.4702499210834503,0
0,0.4533664286136627,0
0,0.4662291407585144,0
0,0.4706660211086273,0
1,0.4608488082885742,0
0,0.466095507144928,0
1,0.4724993407726288,0
0,0.4693523049354553,0
0,0.46756771206855774,0
1,0.4608842730522156,0
0,0.4624864161014557,0
1,0.4738367199897766,0
1,0.4654882252216339,0
0,0.470390647649765,0
0,0.464949369430542,0
0,0.4578363299369812,0
0,0.4653169810771942,0
1,0.4640635848045349,0
1,0.4658891558647156,0
1,0.47268110513687134,0
1,0.4696216881275177,0
1,0.4657844305038452,0
0,0.47149962186813354,0
1,0.4595496356487274,0
0,0.4682671129703522,0
1,0.4719778001308441,0
1,0.4609264135360718,0
0,0.46221786737442017,0
0,0.4634983241558075,0
0,0.4724406898021698,0
0,0.4610677659511566,0
1,0.4727891981601715,0
1,0.47018593549728394,0
0,0.4675661623477936,0
1,0.47306618094444275,0
0,0.46137624979019165,0
1,0.47153767943382263,0
0,0.47268348932266235,0
0,0.4572738707065582,0
1,0.4727790653705597,0
1,0.4628949463367462,0
1,0.45994582772254944,0
0,0.47048357129096985,0
1,0.4714975953102112,0
0,0.45355281233787537,0
0,0.4729800224304199,0
1,0.4580451250076294,0
1,0.4701176881790161,0
1,0.4699198007583618,0
0,0.47251760959625244,0
0,0.4726131856441498,0
0,0.46901369094848633,0
0,0.47378072142601013,0
0,0.4725590944290161,0
1,0.4647785723209381,0
1,0.4727422595024109,0
1,0.470181941986084,0
0,0.47248178720474243,0
1,0.47351574897766113,0
0,0.4702644348144531,0
1,0.47172674536705017,0
0,0.45632222294807434,0
1,0.4726642668247223,0
1,0.47302818298339844,0
1,0.4671865999698639,0
1,0.45546090602874756,0
1,0.45990684628486633,0
0,0.47254839539527893,0
1,0.45240089297294617,0
1,0.4719608724117279,0
1,0.46937787532806396,0
1,0.4727850556373596,0
0,0.4704081118106842,0
1,0.4706179201602936,0
0,0.466737300157547,0
1,0.46437200903892517,0
0,0.46634218096733093,0
1,0.464506596326828,0
1,0.4660899043083191,0
1,0.45366403460502625,0
0,0.46559736132621765,0
1,0.4737488329410553,0
0,0.4713221788406372,0
0,0.46462658047676086,0
1,0.4597150385379791,0
0,0.4714977443218231,0
1,0.46342530846595764,0
0,0.46207451820373535,0
0,0.4726732671260834,0
1,0.46867072582244873,0
1,0.4526936113834381,0
0,0.47275030612945557,0
0,0.4624009430408478,0
1,0.464667409658432,0
1,0.45359164476394653,0
1,0.4709092080593109,0
0,0.4566168189048767,0
0,0.46972009539604187,0
1,0.472537636756897,0
0,0.452772855758667,0
1,0.4606083631515503,0
1,0.4575823247432709,0
0,0.4731053411960602,0
1,0.46966221928596497,0
0,0.46433210372924805,0
1,0.469652384519577,0
1,0.45728927850723267,0
0,0.4662173092365265,0
0,0.4643142819404602,0
1,0.46593448519706726,0
1,0.46892762184143066,0
1,0.4608154892921448,0
1,0.4730859696865082,0
1,0.4726542532444,0
0,0.4706248939037323,0
0,0.46893587708473206,0
1,0.4702952802181244,0
0,0.4714793562889099,0
1,0.4630350172519684,0
1,0.4544867277145386,0
0,0.47059017419815063,0
1,0.4587911367416382,0
0,0.4737950563430786,0
0,0.47039929032325745,0
1,0.471468985080719,0
0,0.454437255859375,0
0,0.47252681851387024,0
1,0.46636977791786194,0
0,0.4559519588947296,0
1,0.4641447067260742,0
0,0.4666462242603302,0
1,0.46991875767707825,0
0,0.46949005126953125,0
1,0.47054609656333923,0
1,0.46965229511260986,0
0,0.46322426199913025,0
0,0.46918565034866333,0
1,0.46845653653144836,0
1,0.462355375289917,0
1,0.45762312412261963,0
0,0.472507119178772,0
0,0.4623842239379883,0
1,0.4707605242729187,0
1,0.4681342542171478,0
1,0.46111005544662476,0
1,0.47182416915893555,0
0,0.4704074263572693,0
1,0.4696800708770752,0
1,0.4727008640766144,0
1,0.4652470350265503,0
1,0.4724408686161041,0
0,0.4634706377983093,0
1,0.4714238941669464,0
0,0.4630306661128998,0
0,0.46790069341659546,0
0,0.471471905708313,0
1,0.4541178345680237,0
0,0.4565291404724121,0
0,0.47061410546302795,0
1,0.47259801626205444,0
0,0.4662325084209442,0
1,0.4672434329986572,0
1,0.4670575261116028,0
0,0.46542811393737793,0
1,0.47035709023475647,0
0,0.4549012780189514,0
1,0.4737526774406433,0
0,0.46468278765678406,0
1,0.47021692991256714,0
1,0.4628211259841919,0
0,0.4709576368331909,0
1,0.46829700469970703,0
0,0.4641216993331909,0
0,0.4608028531074524,0
1,0.4578382074832916,0
0,0.4651859998703003,0
0,0.4661846160888672,0
0,0.4592418968677521,0
1,0.47205886244773865,0
1,0.4645118713378906,0
0,0.4696519672870636,0
1,0.4587188959121704,0
1,0.4702140986919403,0
1,0.47080543637275696,0
1,0.4653489887714386,0
0,0.46695247292518616,0
0,0.4682062566280365,0
1,0.45831364393234253,0
0,0.4568956196308136,0
1,0.4734712839126587,0
1,0.4687667787075043,0
0,0.47001391649246216,0
1,0.4691025912761688,0
0,0.47276267409324646,0
0,0.4709516763687134,0
0,0.47061169147491455,0
1,0.4740375280380249,0
0,0.47013059258461,0
1,0.47259411215782166,0
0,0.4725940525531769,0
1,0.46324053406715393,0
1,0.47349095344543457,0
1,0.4627307057380676,0
1,0.4601396918296814,0
1,0.464382529258728,0
1,0.4704269468784332,0
1,0.4592834711074829,0
0,0.4698493778705597,0
1,0.46967437863349915,0
1,0.469778448343277,0
1,0.4629967212677002,0
1,0.45823177695274353,0
1,0.47274598479270935,0
1,0.46571579575538635,0
1,0.4696243703365326,0
1,0.4689696729183197,0
0,0.47266361117362976,0
0,0.4727511405944824,0
0,0.4546446204185486,0
0,0.4607428014278412,0
1,0.47378602623939514,0
0,0.4553389251232147,0
0,0.4658665955066681,0
0,0.47395020723342896,0
0,0.4670635461807251,0
1,0.4641534984111786,0
1,0.4722299575805664,0
0,0.46545252203941345,0
0,0.4733947515487671,0
1,0.4613444209098816,0
1,0.4710489809513092,0
1,0.46994781494140625,0
0,0.4663391709327698,0
1,0.4608325660228729,0
0,0.472751259803772,0
1,0.47136279940605164,0
1,0.463902086019516,0
1,0.47096383571624756,0
0,0.4644416570663452,0
0,0.4624849855899811,0
0,0.45542871952056885,0
0,0.4627666473388672,0
1,0.45701295137405396,0
0,0.471161812543869,0
0,0.47214800119400024,0
1,0.47277358174324036,0
1,0.47396591305732727,0
0,0.47294411063194275,0
1,0.45216622948646545,0
0,0.46482759714126587,0
0,0.459168404340744,0
1,0.4712066352367401,0
1,0.4618740379810333,0
0,0.47298336029052734,0
0,0.4731483459472656,0
1,0.46633005142211914,0
0,0.47269660234451294,0
1,0.4695824086666107,0
0,0.4643496870994568,0
0,0.4688456058502197,0
0,0.46965229511260986,0
0,0.4684540331363678,0
0,0.46182093024253845,0
1,0.46085551381111145,0
1,0.47238025069236755,0
1,0.4730829894542694,0
0,0.4729585647583008,0
1,0.45844176411628723,0
1,0.46337801218032837,0
0,0.46995803713798523,0
1,0.4664574861526489,0
0,0.47229960560798645,0
0,0.47225525975227356,0
0,0.4715823531150818,0
0,0.4689760208129883,0
0,0.46508994698524475,0
0,0.45490577816963196,0
1,0.45612818002700806,0
1,0.4727522134780884,0
0,0.4581511914730072,0
1,0.46080243587493896,0
0,0.4685494303703308,0
0,0.4653853476047516,0
1,0.4710635840892792,0
1,0.4739585816860199,0
0,0.4726181924343109,0
1,0.46207013726234436,0
1,0.46112555265426636,0
0,0.458212286233902,0
0,0.4627496898174286,0
0,0.472622275352478,0
1,0.47113534808158875,0
0,0.46713778376579285,0
0,0.4706153869628906,0
1,0.4605269134044647,0
0,0.47139033675193787,0
1,0.471995085477829,0
0,0.4669157862663269,0
0,0.46211305260658264,0
1,0.4658520519733429,0
0,0.47291550040245056,0
0,0.46537020802497864,0
0,0.45777401328086853,0
1,0.4541011452674866,0
0,0.46768292784690857,0
1,0.4728536307811737,0
0,0.47239258885383606,0
1,0.470225989818573,0
0,0.46987348794937134,0
1,0.46873944997787476,0
0,0.46084314584732056,0
1,0.45370084047317505,0
0,0.462315171957016,0
0,0.4730427861213684,0
0,0.47017771005630493,0
0,0.4591909646987915,0
1,0.4727361798286438,0
0,0.47229912877082825,0
1,0.4623425304889679,0
0,0.4743557274341583,0
1,0.4708591401576996,0
0,0.4684142470359802,0
1,0.45662209391593933,0
0,0.4720768332481384,0
1,0.47025564312934875,0
0,0.46461308002471924,0
0,0.46967968344688416,0
0,0.4706922173500061,0
1,0.47294870018959045,0
1,0.4736287295818329,0
0,0.4709698557853699,0
0,0.46402063965797424,0
1,0.4710589349269867,0
1,0.4670700430870056,0
0,0.4731561541557312,0
1,0.4737071990966797,0
1,0.47392675280570984,0
1,0.46568068861961365,0
1,0.469652384519577,0
0,0.47281935811042786,0
0,0.47244879603385925,0
1,0.46974003314971924,0
0,0.4696038067340851,0
0,0.46782639622688293,0
0,0.4605608284473419,0
1,0.467869371175766,0
1,0.47299158573150635,0
1,0.47317567467689514,0
1,0.4554294943809509,0
1,0.46735554933547974,0
0,0.4737797677516937,0
1,0.4698382019996643,0
0,0.47019168734550476,0
0,0.45526736974716187,0
0,0.46964770555496216,0
0,0.45885494351387024,0
1,0.4713917076587677,0
1,0.4725247025489807,0
1,0.4710385203361511,0
1,0.4648379981517792,0
1,0.4691399037837982,0
1,0.4689886271953583,0
0,0.46821457147598267,0
1,0.4684720039367676,0
1,0.4619516134262085,0
1,0.6746066808700562,1
1,0.4697002172470093,0
1,0.4603564441204071,0
1,0.472135990858078,0
0,0.46935394406318665,0
0,0.4670768082141876,0
0,0.46832388639450073,0
0,0.470358669757843,0
0,0.4705820083618164,0
1,0.47391241788864136,0
0,0.4728427231311798,0
1,0.46992212533950806,0
1,0.470037043094635,0
0,0.45781177282333374,0
1,0.46555715799331665,0
0,0.46970635652542114,0
0,0.46388691663742065,0
0,0.467913955450058,0
1,0.4735298752784729,0
0,0.4657028317451477,0
1,0.4565316438674927,0
0,0.47348710894584656,0
0,0.46962079405784607,0
1,0.4731118977069855,0
0,0.46179598569869995,0
0,0.47293975949287415,0
0,0.466817706823349,0
1,0.46415334939956665,0
1,0.4727993905544281,0
1,0.47061917185783386,0
1,0.46718138456344604,0
1,0.4691195487976074,0
0,0.47281110286712646,0
0,0.469448447227478,0
1,0.4649839401245117,0
1,0.4685061275959015,0
0,0.4695390462875366,0
1,0.4706036448478699,0
0,0.45338696241378784,0
0,0.4722138047218323,0
0,0.46815410256385803,0
0,0.4717842638492584,0
1,0.46847108006477356,0
0,0.4661138355731964,0
0,0.4713096618652344,0
0,0.4731716215610504,0
1,0.46620285511016846,0
1,0.46979036927223206,0
1,0.46372851729393005,0
1,0.46464306116104126,0
0,0.4681095778942108,0
0,0.46986958384513855,0
0,0.4606303870677948,0
0,0.46419915556907654,0
1,0.4734721779823303,0
1,0.4639403820037842,0
1,0.4714588522911072,0
0,0.4701513648033142,0
0,0.46843162178993225,0
0,0.4585898518562317,0
1,0.46963682770729065,0
1,0.4675258994102478,0
0,0.47092336416244507,0
0,0.47222813963890076,0
0,0.4661027491092682,0
1,0.46108347177505493,0
0,0.4722525477409363,0
0,0.457332968711853,0
1,0.45868125557899475,0
1,0.4602179527282715,0
1,0.4617835283279419,0
0,0.463172048330307,0
0,0.45882701873779297,0
0,0.4558061957359314,0
1,0.4720968008041382,0
1,0.4666794538497925,0
1,0.4609753489494324,0
0,0.4643700420856476,0
0,0.4738422632217407,0
0,0.4729570746421814,0
0,0.4651091396808624,0
0,0.4700636863708496,0
1,0.47270065546035767,0
1,0.4635161757469177,0
0,0.4741646349430084,0
1,0.4681566655635834,0
1,0.47151604294776917,0
0,0.47287192940711975,0
1,0.47345829010009766,0
0,0.46970194578170776,0
0,0.4561888575553894,0
0,0.47366654872894287,0
1,0.4696525037288666,0
1,0.4558276832103729,0
0,0.46336033940315247,0
0,0.4627576470375061,0
0,0.46815839409828186,0
0,0.46336960792541504,0
1,0.46539050340652466,0
0,0.4726765751838684,0
0,0.4718065857887268,0
0,0.46451058983802795,0
1,0.4722415506839752,0
1,0.46921640634536743,0
1,0.4749790132045746,0
0,0.4701361358165741,0
0,0.47122669219970703,0
1,0.4727361798286438,0
1,0.4657468795776367,0
1,0.4649592936038971,0
1,0.46555715799331665,0
0,0.4632360339164734,0
1,0.46939316391944885,0
0,0.46126165986061096,0
0,0.4732879102230072,0
1,0.468247652053833,0
1,0.46760764718055725,0
1,0.46344128251075745,0
1,0.46432557702064514,0
1,0.4715656638145447,0
0,0.46682822704315186,0
1,0.4664614796638489,0
0,0.4639114737510681,0
0,0.472626656293869,0
0,0.4650591313838959,0
1,0.4697396159172058,0
1,0.47337082028388977,0
0,0.45996221899986267,0
1,0.4649789035320282,0
1,0.4596916139125824,0
1,0.47228148579597473,0
0,0.4664231836795807,0
0,0.46964892745018005,0
0,0.45449820160865784,0
1,0.47019162774086,0
0,0.4533172845840454,0
0,0.4706481099128723,0
1,0.471957266330719,0
0,0.47269564867019653,0
1,0.4723784625530243,0
1,0.4697648584842682,0
1,0.4726041257381439,0
0,0.45696690678596497,0
1,0.47271934151649475,0
0,0.4710545837879181,0
0,0.47381603717803955,0
0,0.47242069244384766,0
1,0.47315487265586853,0
1,0.47280263900756836,0
0,0.4702248275279999,0
0,0.47117894887924194,0
0,0.47254684567451477,0
0,0.4650820791721344,0
1,0.46516722440719604,0
0,0.4709357023239136,0
1,0.47289931774139404,0
0,0.473142147064209,0
0,0.4719277322292328,0
1,0.4682486951351166,0
0,0.46587806940078735,0
0,0.46651148796081543,0
1,0.46948274970054626,0
0,0.4715830087661743,0
0,0.4629729986190796,0
0,0.4698885381221771,0
0,0.45126745104789734,0
0,0.4600881040096283,0
0,0.46807992458343506,0
1,0.4703659415245056,0
0,0.47275009751319885,0
1,0.46680617332458496,0
0,0.4612148404121399,0
0,0.4731757342815399,0
0,0.4652925133705139,0
1,0.45961499214172363,0
0,0.4641711115837097,0
1,0.4693846106529236,0
1,0.4707767367362976,0
1,0.47357574105262756,0
1,0.46690860390663147,0
0,0.4700709581375122,0
1,0.4661618173122406,0
1,0.4727647006511688,0
0,0.46564337611198425,0
1,0.46941953897476196,0
1,0.47068074345588684,0
1,0.46319517493247986,0
1,0.4578789174556732,0
0,0.4689963161945343,0
0,0.47382408380508423,0
0,0.46871477365493774,0
0,0.473960280418396,0
1,0.46094468235969543,0
1,0.47257134318351746,0
0,0.4596404731273651,0
0,0.45727792382240295,0
0,0.467143177986145,0
1,0.4680419862270355,0
0,0.47392943501472473,0
0,0.4683700203895569,0
1,0.4697650671005249,0
1,0.47296056151390076,0
1,0.47170206904411316,0
0,0.473469614982605,0
0,0.46833670139312744,0
0,0.4640496075153351,0
0,0.4664453864097595,0
1,0.46872979402542114,0
1,0.46241745352745056,0
1,0.46984148025512695,0
1,0.4647376239299774,0
0,0.4698134660720825,0
0,0.4714527130126953,0
0,0.4736403226852417,0
1,0.47366172075271606,0
1,0.4733808636665344,0
0,0.4696139097213745,0
1,0.4579485356807709,0
0,0.4577346444129944,0
1,0.46963030099868774,0
0,0.46464818716049194,0
1,0.45843610167503357,0
1,0.46964913606643677,0
0,0.4593704640865326,0
0,0.46958789229393005,0
1,0.46392086148262024,0
1,0.47032925486564636,0
1,0.46967217326164246,0
1,0.47305065393447876,0
1,0.4731196463108063,0
1,0.46983346343040466,0
1,0.47048652172088623,0
0,0.4722224175930023,0
1,0.4629068374633789,0
1,0.4735545516014099,0
1,0.46173036098480225,0
1,0.469632089138031,0
1,0.4561667740345001,0
1,0.4696859121322632,0
1,0.46992138028144836,0
1,0.4724424481391907,0
1,0.46295860409736633,0
1,0.4716402292251587,0
0,0.4658188819885254,0
1,0.46880823373794556,0
1,0.46825140714645386,0
0,0.46966344118118286,0
1,0.47302567958831787,0
1,0.46449732780456543,0
0,0.46932798624038696,0
1,0.4654504656791687,0
1,0.46082088351249695,0
0,0.4613756239414215,0
1,0.47027480602264404,0
1,0.470767617225647,0
1,0.4724162220954895,0
0,0.455900639295578,0
1,0.4743218719959259,0
1,0.4722521901130676,0
0,0.457023948431015,0
0,0.4665369689464569,0
1,0.46001502871513367,0
1,0.457477331161499,0
1,0.4698883891105652,0
0,0.4723215401172638,0
1,0.46954047679901123,0
1,0.47006574273109436,0
0,0.47017091512680054,0
1,0.46815556287765503,0
1,0.4718759059906006,0
1,0.4726928770542145,0
1,0.472400039434433,0
1,0.47144120931625366,0
1,0.47291573882102966,0
1,0.47288239002227783,0
1,0.46924299001693726,0
0,0.4610109031200409,0
1,0.4660016894340515,0
1,0.4551539421081543,0
1,0.47265204787254333,0
0,0.46518146991729736,0
0,0.4705187678337097,0
0,0.4694044291973114,0
1,0.47306835651397705,0
1,0.4709490239620209,0
1,0.46872568130493164,0
1,0.4713219106197357,0
0,0.46234580874443054,0
1,0.46629807353019714,0
1,0.4679783880710602,0
0,0.46608686447143555,0
0,0.44602489471435547,0
1,0.4688767194747925,0
1,0.460606187582016,0
1,0.4686688482761383,0
1,0.4625069200992584,0
0,0.47253289818763733,0
0,0.46684402227401733,0
1,0.46979832649230957,0
1,0.4681994616985321,0
1,0.46389296650886536,0
0,0.46467670798301697,0
1,0.4696423411369324,0
1,0.472936749458313,0
1,0.46965470910072327,0
0,0.4698478877544403,0
1,0.4682995676994324,0
1,0.46177056431770325,0
1,0.4728844463825226,0
1,0.46547436714172363,0
1,0.47284072637557983,0
1,0.47257208824157715,0
1,0.4695967733860016,0
1,0.4737732410430908,0
1,0.4545261859893799,0
0,0.4667501747608185,0
0,0.4602327048778534,0
1,0.47154948115348816,0
0,0.47012823820114136,0
1,0.47109290957450867,0
1,0.473122775554657,0
1,0.47099408507347107,0
1,0.4717143177986145,0
1,0.46879446506500244,0
1,0.46871429681777954,0
0,0.46851006150245667,0
1,0.47021567821502686,0
1,0.47111988067626953,0
1,0.46675994992256165,0
0,0.4647693932056427,0
0,0.46737992763519287,0
1,0.4731009602546692,0
1,0.4683459401130676,0
0,0.47264960408210754,0
0,0.46966248750686646,0
1,0.4684426188468933,0
1,0.4731670320034027,0
1,0.47367537021636963,0
0,0.4714727997779846,0
1,0.47092491388320923,0
0,0.47404080629348755,0
1,0.4689048230648041,0
0,0.4703276455402374,0
1,0.4691454768180847,0
1,0.4731638431549072,0
0,0.46829742193222046,0
1,0.4689309895038605,0
0,0.47274157404899597,0
1,0.4699138104915619,0
1,0.47103172540664673,0
0,0.46755456924438477,0
0,0.47003471851348877,0
0,0.4585406482219696,0
0,0.4624122679233551,0
1,0.46511372923851013,0
0,0.4719349145889282,0
0,0.4594157934188843,0
1,0.47157180309295654,0
0,0.46673014760017395,0
1,0.4610191285610199,0
1,0.4735128581523895,0
1,0.46951887011528015,0
0,0.4618794918060303,0
1,0.46873462200164795,0
0,0.46933797001838684,0
0,0.4731732904911041,0
1,0.47294336557388306,0
1,0.470633864402771,0
1,0.47037628293037415,0
0,0.45920950174331665,0
1,0.46785968542099,0
1,0.47277316451072693,0
0,0.4707568883895874,0
1,0.4648066759109497,0
0,0.47025415301322937,0
1,0.47292956709861755,0
0,0.4534796476364136,0
0,0.4739641547203064,0
0,0.46132245659828186,0
0,0.4739638864994049,0
1,0.47184979915618896,0
1,0.4728505611419678,0
1,0.4723036587238312,0
0,0.46992549300193787,0
0,0.4662766456604004,0
0,0.45520010590553284,0
0,0.4560451805591583,0
0,0.46965986490249634,0
1,0.46186143159866333,0
0,0.4705740809440613,0
1,0.4727564752101898,0
0,0.4696641266345978,0
1,0.4739702641963959,0
1,0.4635560214519501,0
1,0.45824113488197327,0
0,0.4730088710784912,0
0,0.4642724394798279,0
1,0.45945101976394653,0
1,0.4726700782775879,0
0,0.47026121616363525,0
0,0.4548119604587555,0
1,0.46867114305496216,0
1,0.4726109504699707,0
1,0.4542601704597473,0
1,0.47271546721458435,0
1,0.46737515926361084,0
0,0.46547046303749084,0
0,0.46698373556137085,0
0,0.46314048767089844,0
0,0.4720122814178467,0
1,0.4696473479270935,0
0,0.4727221727371216,0
1,0.46493616700172424,0
0,0.46197816729545593,0
1,0.46871817111968994,0
0,0.4606055021286011,0
1,0.4552595615386963,0
1,0.4727717339992523,0
0,0.47384387254714966,0
0,0.47270241379737854,0
1,0.47246965765953064,0
1,0.4622354805469513,0
1,0.4729424715042114,0
1,0.4609784781932831,0
0,0.47388413548469543,0
1,0.47230085730552673,0
1,0.4696580767631531,0
0,0.4727064073085785,0
0,0.4726708233356476,0
1,0.47335928678512573,0
1,0.4617001712322235,0
0,0.46972551941871643,0
0,0.4501955509185791,0
1,0.45963796973228455,0
0,0.45469942688941956,0
0,0.47084876894950867,0
1,0.47127828001976013,0
1,0.4700400233268738,0
1,0.4642774164676666,0
1,0.4711619019508362,0
1,0.4737321436405182,0
1,0.4730603098869324,0
1,0.4603058397769928,0
0,0.47024106979370117,0
1,0.47137221693992615,0
0,0.4679163694381714,0
0,0.4712984561920166,0
0,0.46099960803985596,0
1,0.4576515257358551,0
0,0.4717104434967041,0
1,0.4604368507862091,0
1,0.46983638405799866,0
1,0.4652925133705139,0
1,0.47390416264533997,0
0,0.46335774660110474,0
1,0.4735861122608185,0
0,0.45697471499443054,0
0,0.46934106945991516,0
0,0.47006452083587646,0
1,0.4739723801612854,0
0,0.47054505348205566,0
0,0.46972203254699707,0
0,0.4696500897407532,0
1,0.470102995634079,0
1,0.4701981544494629,0
1,0.4725423753261566,0
1,0.47253912687301636,0
0,0.4719390869140625,0
1,0.4700721800327301,0
0,0.473838210105896,0
0,0.47337499260902405,0
0,0.4623616933822632,0
1,0.4691689610481262,0
0,0.4628794193267822,0
0,0.46091288328170776,0
1,0.469673752784729,0
1,0.4598012864589691,0
1,0.472637802362442,0
0,0.46405985951423645,0
1,0.4733444154262543,0
0,0.4685151278972626,0
1,0.46696922183036804,0
1,0.4736928641796112,0
1,0.46973109245300293,0
0,0.47368547320365906,0
1,0.4706970155239105,0
0,0.4602399170398712,0
0,0.4696364104747772,0
1,0.47065550088882446,0
0,0.46323615312576294,0
0,0.4628857970237732,0
0,0.4627106785774231,0
1,0.4739757180213928,0
1,0.45869070291519165,0
0,0.46156489849090576,0
0,0.4675658345222473,0
0,0.46553605794906616,0
0,0.4717559814453125,0
1,0.4706515073776245,0
0,0.4726799726486206,0
1,0.4679570198059082,0
0,0.4635395109653473,0
1,0.45543530583381653,0
1,0.4649929106235504,0
0,0.4676268398761749,0
0,0.46966859698295593,0
0,0.4555191397666931,0
0,0.45512744784355164,0
0,0.4715845286846161,0
1,0.47038400173187256,0
0,0.4724937081336975,0
0,0.4558955729007721,0
1,0.460835337638855,0
0,0.4659426510334015,0
1,0.47292059659957886,0
0,0.4728599190711975,0
1,0.4609333574771881,0
1,0.4645269513130188,0
1,0.4727572202682495,0
0,0.4726928770542145,0
1,0.47206902503967285,0
1,0.4633170962333679,0
1,0.4703073501586914,0
1,0.4701494574546814,0
1,0.4352159798145294,0
1,0.4687342047691345,0
0,0.470462828874588,0
1,0.47136789560317993,0
0,0.4727853536605835,0
0,0.47052666544914246,0
0,0.4624326527118683,0
1,0.4635974168777466,0
0,0.46652138233184814,0
0,0.47065967321395874,0
1,0.464916855096817,0
1,0.4532864987850189,0
1,0.46322160959243774,0
0,0.4738742411136627,0
0,0.47018203139305115,0
1,0.4682020843029022,0
1,0.4726170301437378,0
0,0.45720186829566956,0
1,0.45312750339508057,0
1,0.4646546244621277,0
1,0.45294976234436035,0
0,0.4712207019329071,0
0,0.4708796441555023,0
0,0.45557132363319397,0
0,0.4662017226219177,0
0,0.45404645800590515,0
1,0.4730443060398102,0
1,0.46621569991111755,0
1,0.47100165486335754,0
0,0.47275233268737793,0
0,0.4693821370601654,0
0,0.46542593836784363,0
0,0.4553954303264618,0
1,0.46977800130844116,0
1,0.4736279249191284,0
1,0.46832776069641113,0
1,0.45576271414756775,0
0,0.4702860116958618,0
0,0.4545944631099701,0
1,0.4611837565898895,0
0,0.4733317792415619,0
1,0.4743252992630005,0
0,0.47157976031303406,0
0,0.47396841645240784,0
0,0.4741375148296356,0
1,0.4647640287876129,0
1,0.4643647372722626,0
1,0.4606425166130066,0
1,0.4593488276004791,0
1,0.46803969144821167,0
0,0.4734691381454468,0
1,0.45839548110961914,0
1,0.4696957767009735,0
1,0.47046124935150146,0
0,0.4731253981590271,0
0,0.47032830119132996,0
1,0.471577525138855,0
0,0.4600803256034851,0
1,0.46938446164131165,0
1,0.47139912843704224,0
1,0.46748682856559753,0
1,0.4700832962989807,0
0,0.4683178663253784,0
1,0.47269564867019653,0
1,0.4709744155406952,0
1,0.46155911684036255,0
1,0.4589068591594696,0
0,0.4700697362422943,0
1,0.47193267941474915,0
0,0.4620126187801361,0
0,0.4646574556827545,0
0,0.4695277512073517,0
1,0.4696860611438751,0
1,0.46892935037612915,0
1,0.46703094244003296,0
0,0.4724832773208618,0
0,0.46127045154571533,0
1,0.4732523560523987,0
1,0.47268038988113403,0
1,0.4714812636375427,0
0,0.4653806984424591,0
0,0.4558655321598053,0
0,0.4649372398853302,0
1,0.4545566141605377,0
0,0.4697704315185547,0
1,0.46128880977630615,0
0,0.473422110080719,0
1,0.46278491616249084,0
0,0.46133726835250854,0
0,0.45476511120796204,0
0,0.46970462799072266,0
0,0.47270065546035767,0
0,0.46793922781944275,0
1,0.47054409980773926,0
0,0.4696517586708069,0
1,0.46982863545417786,0
0,0.4730863869190216,0
0,0.4661442041397095,0
1,0.47220379114151,0
1,0.47267860174179077,0
1,0.4681800305843353,0
1,0.4739026725292206,0
0,0.4671245217323303,0
1,0.45867207646369934,0
0,0.4680711328983307,0
1,0.47254258394241333,0
1,0.47092247009277344,0
1,0.4726870656013489,0
0,0.4633602797985077,0
1,0.47332289814949036,0
1,0.45386868715286255,0
1,0.46754810214042664,0
1,0.471474289894104,0
0,0.4706878364086151,0
0,0.4573098421096802,0
1,0.4701553285121918,0
0,0.4641451835632324,0
1,0.47199612855911255,0
1,0.46283605694770813,0
1,0.47077301144599915,0
0,0.46783918142318726,0
0,0.4734390079975128,0
1,0.4662587642669678,0
0,0.46051961183547974,0
0,0.4726157486438751,0
1,0.45619407296180725,0
1,0.47268936038017273,0
0,0.47178971767425537,0
1,0.46453261375427246,0
0,0.4641401767730713,0
0,0.4649471342563629,0
1,0.46914032101631165,0
0,0.4709201455116272,0
0,0.47327354550361633,0
1,0.46955302357673645,0
0,0.46671485900878906,0
1,0.4533824026584625,0
0,0.4701555669307709,0
1,0.47152093052864075,0
0,0.47047606110572815,0
1,0.4694291055202484,0
1,0.4525149464607239,0
0,0.4700540006160736,0
1,0.4726532995700836,0
0,0.4726651608943939,0
0,0.46816307306289673,0
1,0.4730651080608368,0
0,0.4587348997592926,0
0,0.4735530614852905,0
0,0.4701458811759949,0
0,0.46724799275398254,0
0,0.4722760021686554,0
1,0.47105851769447327,0
0,0.473131388425827,0
0,0.46965429186820984,0
0,0.4618617296218872,0
0,0.46710261702537537,0
1,0.47325780987739563,0
1,0.4535888731479645,0
0,0.46980980038642883,0
0,0.4568028450012207,0
0,0.47072112560272217,0
1,0.4656602144241333,0
0,0.47067251801490784,0
1,0.4526682496070862,0
1,0.47079095244407654,0
0,0.47328945994377136,0
0,0.471034437417984,0
0,0.473793089389801,0
1,0.4634477496147156,0
0,0.46181708574295044,0
1,0.46972498297691345,0
0,0.4625203609466553,0
1,0.47388461232185364,0
1,0.4730120599269867,0
0,0.45954430103302,0
1,0.4669639766216278,0
1,0.46901804208755493,0
1,0.47251415252685547,0
1,0.47322767972946167,0
1,0.471618115901947,0
1,0.46702417731285095,0
0,0.47343000769615173,0
0,0.4696773886680603,0
0,0.4680670201778412,0
1,0.4645245373249054,0
1,0.4619360864162445,0
0,0.4726821184158325,0
1,0.4739508032798767,0
0,0.4644593596458435,0
0,0.47038519382476807,0
0,0.47064563632011414,0
0,0.47144755721092224,0
1,0.47274625301361084,0
0,0.4678492844104767,0
1,0.47296422719955444,0
0,0.47274571657180786,0
0,0.47018709778785706,0
1,0.45776891708374023,0
0,0.46286776661872864,0
1,0.47126567363739014,0
1,0.4706876277923584,0
1,0.4522932469844818,0
0,0.46210435032844543,0
0,0.473935604095459,0
0,0.46604299545288086,0
1,0.4730668067932129,0
1,0.4647204279899597,0
0,0.4550209939479828,0
0,0.4724208116531372,0
0,0.4725590944290161,0
1,0.4602905809879303,0
1,0.4720684289932251,0
0,0.4737834930419922,0
1,0.47045278549194336,0
0,0.4738004207611084,0
1,0.47212332487106323,0
0,0.4642796218395233,0
1,0.4696979522705078,0
0,0.46842074394226074,0
1,0.4695950746536255,0
0,0.46035656332969666,0
1,0.4692226052284241,0
1,0.46965113282203674,0
1,0.4517661929130554,0
0,0.45693254470825195,0
0,0.45328763127326965,0
1,0.46905049681663513,0
0,0.4611210525035858,0
1,0.4628087282180786,0
0,0.4661857485771179,0
1,0.47127869725227356,0
0,0.4718884527683258,0
1,0.47198307514190674,0
0,0.4727022349834442,0
1,0.4732332229614258,0
0,0.4546438455581665,0
1,0.47258996963500977,0
0,0.4687843322753906,0
0,0.47003892064094543,0
1,0.4728173315525055,0
0,0.47124025225639343,0
0,0.4689205586910248,0
0,0.4700935184955597,0
1,0.46811333298683167,0
0,0.4700162708759308,0
1,0.47009140253067017,0
0,0.47191986441612244,0
0,0.4630693197250366,0
0,0.46475672721862793,0
0,0.4628574550151825,0
1,0.4694578945636749,0
1,0.46397075057029724,0
0,0.47046831250190735,0
0,0.46796971559524536,0
1,0.4731992185115814,0
0,0.4730952978134155,0
1,0.45280805230140686,0
1,0.4589153528213501,0
0,0.4685054123401642,0
0,0.4724588990211487,0
0,0.4714985489845276,0
0,0.46493497490882874,0
1,0.4730142652988434,0
0,0.4503525495529175,0
0,0.4693225920200348,0
1,0.46389004588127136,0
1,0.45290887355804443,0
1,0.4557744562625885,0
0,0.4715474843978882,0
0,0.47053876519203186,0
1,0.46640005707740784,0
1,0.4705527424812317,0
1,0.4671455919742584,0
0,0.46827587485313416,0
0,0.4723341763019562,0
1,0.4714486300945282,0
0,0.4729284346103668,0
1,0.4567507803440094,0
1,0.46821942925453186,0
0,0.4672544598579407,0
0,0.4724145233631134,0
0,0.47259390354156494,0
1,0.4642428457736969,0
1,0.4736112356185913,0
0,0.4535297751426697,0
1,0.46975380182266235,0
0,0.46840113401412964,0
1,0.45716074109077454,0
1,0.4687044620513916,0
0,0.47396913170814514,0
1,0.46998393535614014,0
0,0.46629101037979126,0
1,0.4688255786895752,0
1,0.4641728699207306,0
1,0.4537654221057892,0
1,0.4669593572616577,0
0,0.470224529504776,0
0,0.4698849618434906,0
1,0.4705757796764374,0
1,0.4710853695869446,0
0,0.473933607339859,0
0,0.4590604901313782,0
0,0.46523913741111755,0
1,0.46237194538116455,0
0,0.4554976522922516,0
1,0.4718947112560272,0
1,0.4714486300945282,0
1,0.4698074758052826,0
1,0.4704149067401886,0
1,0.4738868176937103,0
1,0.46965354681015015,0
1,0.47224241495132446,0
1,0.472819060087204,0
1,0.4682909846305847,0
1,0.46051234006881714,0
1,0.47386038303375244,0
0,0.45704612135887146,0
0,0.4592044949531555,0
1,0.4710780680179596,0
0,0.4598342776298523,0
0,0.4683205485343933,0
1,0.47005653381347656,0
0,0.4710944890975952,0
0,0.4609385132789612,0
0,0.4692712426185608,0
1,0.466820627450943,0
0,0.4726293087005615,0
0,0.4727654457092285,0
1,0.4727158844470978,0
0,0.46879759430885315,0
1,0.46011123061180115,0
0,0.47211769223213196,0
0,0.47139957547187805,0
0,0.47366097569465637,0
0,0.47288087010383606,0
0,0.4679833948612213,0
0,0.47014692425727844,0
0,0.4701875150203705,0
1,0.4731382131576538,0
1,0.45498916506767273,0
0,0.4712255299091339,0
1,0.46903711557388306,0
1,0.470118910074234,0
0,0.46481379866600037,0
1,0.45176196098327637,0
0,0.46823886036872864,0
1,0.46136993169784546,0
1,0.4719511568546295,0
0,0.461721807718277,0
1,0.4709157645702362,0
0,0.45603078603744507,0
1,0.45980143547058105,0
1,0.4617697298526764,0
1,0.47305944561958313,0
0,0.47252944111824036,0
0,0.4649844765663147,0
0,0.4735281467437744,0
1,0.4695848822593689,0
1,0.47011667490005493,0
1,0.47038915753364563,0
1,0.46132364869117737,0
1,0.47147268056869507,0
1,0.4663987159729004,0
1,0.4689033627510071,0
1,0.4706907868385315,0
0,0.46943068504333496,0
1,0.46651357412338257,0
0,0.464706689119339,0
1,0.457242876291275,0
1,0.4721922278404236,0
1,0.45646098256111145,0
0,0.4720386266708374,0
1,0.46738752722740173,0
0,0.4697920083999634,0
0,0.4690093696117401,0
1,0.46202102303504944,0
0,0.4667540192604065,0
0,0.47177740931510925,0
0,0.4662112891674042,0
1,0.4686146080493927,0
0,0.47351136803627014,0
1,0.4725548326969147,0
0,0.4734923243522644,0
0,0.47182464599609375,0
1,0.4692264497280121,0
1,0.44899433851242065,0
1,0.47061896324157715,0
0,0.46168240904808044,0
0,0.45823198556900024,0
0,0.46848320960998535,0
0,0.46689915657043457,0
1,0.45693549513816833,0
1,0.4612395465373993,0
0,0.4685436189174652,0
0,0.471858412027359,0
0,0.47263428568840027,0
0,0.45936864614486694,0
0,0.46817511320114136,0
1,0.4723285436630249,0
1,0.4682910442352295,0
1,0.46837618947029114,0
1,0.4687682092189789,0
0,0.46851661801338196,0
0,0.47195205092430115,0
0,0.4604741632938385,0
0,0.46301257610321045,0
0,0.4737727642059326,0
0,0.46995899081230164,0
0,0.47215521335601807,0
1,0.46050864458084106,0
0,0.4648470878601074,0
0,0.4714393615722656,0
1,0.4691717028617859,0
1,0.46456730365753174,0
1,0.4725753366947174,0
1,0.4692215621471405,0
1,0.46875402331352234,0
1,0.47061601281166077,0
0,0.47030404210090637,0
0,0.4722227156162262,0
1,0.47295522689819336,0
1,0.466485857963562,0
0,0.4700644314289093,0
1,0.4572591781616211,0
0,0.46763819456100464,0
1,0.4710604250431061,0
0,0.4700734317302704,0
0,0.4653747081756592,0
1,0.46583378314971924,0
0,0.4627419710159302,0
1,0.46977391839027405,0
1,0.469484806060791,0
1,0.45956578850746155,0
1,0.4616381525993347,0
0,0.4572480022907257,0
0,0.4720361828804016,0
1,0.4735759496688843,0
1,0.47122374176979065,0
0,0.47334539890289307,0
0,0.4563869833946228,0
0,0.4685714542865753,0
1,0.4610709547996521,0
1,0.4709911048412323,0
0,0.4660146236419678,0
0,0.46812504529953003,0
0,0.46893954277038574,0
1,0.46347498893737793,0
1,0.4610567092895508,0
0,0.46806570887565613,0
1,0.47128763794898987,0
1,0.4715869724750519,0
0,0.45746666193008423,0
0,0.4695499837398529,0
1,0.46957898139953613,0
0,0.4674704074859619,0
1,0.46795812249183655,0
1,0.47270968556404114,0
1,0.4547092914581299,0
1,0.47195854783058167,0
0,0.4694554805755615,0
0,0.4726445972919464,0
1,0.46048808097839355,0
0,0.47124481201171875,0
0,0.4607574939727783,0
1,0.46407896280288696,0
1,0.47016987204551697,0
1,0.4672052264213562,0
1,0.46756166219711304,0
0,0.47156819701194763,0
1,0.47270500659942627,0
1,0.4738931357860565,0
0,0.46960896253585815,0
1,0.4701915383338928,0
1,0.4623662829399109,0
1,0.4697958528995514,0
0,0.45761099457740784,0
0,0.4723079204559326,0
0,0.47296977043151855,0
1,0.47049078345298767,0
1,0.4739249348640442,0
0,0.464160680770874,0
1,0.45804765820503235,0
1,0.4732060432434082,0
1,0.4632323980331421,0
0,0.4700242877006531,0
0,0.47200441360473633,0
0,0.46086007356643677,0
0,0.4728267192840576,0
0,0.45651930570602417,0
1,0.46088907122612,0
1,0.4728188216686249,0
0,0.4714846611022949,0
0,0.4699637293815613,0
1,0.46806007623672485,0
1,0.4679548740386963,0
1,0.4725790023803711,0
0,0.4702222943305969,0
0,0.4570629894733429,0
1,0.4681163728237152,0
1,0.47093454003334045,0
0,0.4648505747318268,0
0,0.46725350618362427,0
0,0.46895191073417664,0
0,0.45474448800086975,0
0,0.47187182307243347,0
1,0.4725325107574463,0
1,0.4726816713809967,0
1,0.46085530519485474,0
0,0.4725345969200134,0
0,0.47265681624412537,0
1,0.4648266136646271,0
0,0.4739750325679779,0
0,0.468814879655838,0
1,0.4618697762489319,0
1,0.4673958122730255,0
0,0.47232311964035034,0
1,0.47252288460731506,0
0,0.4722374677658081,0
0,0.4668608009815216,0
1,0.47153979539871216,0
1,0.4653795659542084,0
1,0.4697606563568115,0
0,0.45375412702560425,0
1,0.47028273344039917,0
0,0.4653778076171875,0
1,0.4696519672870636,0
0,0.4660889804363251,0
1,0.46458593010902405,0
0,0.4564324617385864,0
0,0.4668351709842682,0
0,0.4688494801521301,0
1,0.4707449972629547,0
0,0.4651557207107544,0
0,0.4725627601146698,0
1,0.4580461084842682,0
1,0.47368600964546204,0
0,0.4522419571876526,0
0,0.470869779586792,0
1,0.469454288482666,0
0,0.4734276533126831,0
1,0.47256919741630554,0
1,0.46427154541015625,0
0,0.46357953548431396,0
1,0.4565277397632599,0
1,0.4718594551086426,0
0,0.460877925157547,0
0,0.46475228667259216,0
0,0.473966121673584,0
0,0.4701688587665558,0
1,0.46272119879722595,0
0,0.47152572870254517,0
1,0.473400741815567,0
0,0.47128403186798096,0
0,0.47271034121513367,0
0,0.47044044733047485,0
1,0.461105078458786,0
0,0.45681673288345337,0
0,0.4567384421825409,0
0,0.46457886695861816,0
1,0.47049733996391296,0
1,0.4738881587982178,0
1,0.47395092248916626,0
0,0.4686521887779236,0
1,0.46677833795547485,0
1,0.47263404726982117,0
0,0.4643491208553314,0
0,0.46818065643310547,0
0,0.4711296260356903,0
0,0.47267720103263855,0
1,0.46966227889060974,0
1,0.46460533142089844,0
0,0.47386518120765686,0
0,0.45643705129623413,0
1,0.47290104627609253,0
1,0.46539542078971863,0
1,0.4709526598453522,0
1,0.4581535756587982,0
0,0.4625646471977234,0
0,0.47165560722351074,0
0,0.47142869234085083,0
1,0.47289448976516724,0
1,0.46994754672050476,0
1,0.46242961287498474,0
0,0.4727989435195923,0
1,0.4737248718738556,0
0,0.4543546438217163,0
1,0.47275280952453613,0
0,0.4705585241317749,0
0,0.4669559597969055,0
0,0.45298412442207336,0
0,0.47099021077156067,0
0,0.466480553150177,0
0,0.466741681098938,0
1,0.4677640497684479,0
1,0.469566285610199,0
1,0.46482688188552856,0
0,0.4724612534046173,0
1,0.47277864813804626,0
1,0.4722244441509247,0
1,0.4685937166213989,0
1,0.4694262742996216,0
0,0.4696333706378937,0
1,0.46980875730514526,0
0,0.47267571091651917,0
0,0.4705783724784851,0
1,0.47076743841171265,0
1,0.4733515679836273,0
0,0.4726445972919464,0
0,0.47101110219955444,0
1,0.4737723767757416,0
0,0.4727594554424286,0
1,0.4701739251613617,0
0,0.4659951627254486,0
1,0.4667125940322876,0
1,0.47082728147506714,0
1,0.4647827744483948,0
1,0.47026148438453674,0
1,0.4737696945667267,0
1,0.4597226083278656,0
1,0.4727369248867035,0
1,0.4683398902416229,0
1,0.4552457630634308,0
1,0.46760252118110657,0
1,0.47129160165786743,0
0,0.46956533193588257,0
0,0.4719086289405823,0
1,0.4672781527042389,0
0,0.47043654322624207,0
1,0.4565243124961853,0
0,0.4718349874019623,0
1,0.46176058053970337,0
1,0.47287479043006897,0
0,0.4699857831001282,0
1,0.4628848731517792,0
0,0.45514869689941406,0
0,0.4542100727558136,0
1,0.4696684777736664,0
0,0.46762725710868835,0
1,0.46616917848587036,0
1,0.47115179896354675,0
1,0.4697485566139221,0
0,0.4730460047721863,0
1,0.47201451659202576,0
1,0.472842276096344,0
0,0.45621922612190247,0
1,0.4653507471084595,0
0,0.46075642108917236,0
0,0.4653736650943756,0
1,0.4726772606372833,0
1,0.4627768099308014,0
1,0.4698376953601837,0
0,0.45830532908439636,0
1,0.47037819027900696,0
1,0.45197203755378723,0
1,0.4653821289539337,0
0,0.4729347229003906,0
0,0.46965497732162476,0
1,0.4566567838191986,0
1,0.4572335481643677,0
0,0.4636252522468567,0
0,0.46965208649635315,0
0,0.46978560090065,0
1,0.47095027565956116,0
0,0.4618961215019226,0
0,0.46082359552383423,0
0,0.4717675745487213,0
0,0.47363412380218506,0
0,0.45809799432754517,0
0,0.45967963337898254,0
1,0.4734603762626648,0
0,0.46019139885902405,0
1,0.467252641916275,0
1,0.4724912643432617,0
1,0.4726307988166809,0
1,0.4725455641746521,0
0,0.4605577886104584,0
1,0.4561389982700348,0
1,0.4724627435207367,0
0,0.473495215177536,0
0,0.471149206161499,0
1,0.4643481969833374,0
1,0.47087785601615906,0
0,0.4590930938720703,0
0,0.4702708125114441,0
0,0.4725710153579712,0
0,0.47133928537368774,0
0,0.4737798571586609,0
0,0.4723989963531494,0
1,0.4564443528652191,0
1,0.46741926670074463,0
1,0.4694400429725647,0
0,0.4688733220100403,0
1,0.471826434135437,0
1,0.4634169042110443,0
1,0.4525022506713867,0
0,0.4682457149028778,0
0,0.47334185242652893,0
1,0.4697854816913605,0
0,0.4731060862541199,0
0,0.4697200357913971,0
1,0.46448466181755066,0
0,0.47208431363105774,0
1,0.4635562300682068,0
1,0.4716068208217621,0
0,0.47265195846557617,0
0,0.47095468640327454,0
0,0.4708036482334137,0
1,0.46236640214920044,0
0,0.4572381377220154,0
1,0.4680924415588379,0
0,0.46543869376182556,0
1,0.46958231925964355,0
0,0.4729507863521576,0
1,0.4628286361694336,0
1,0.4648740589618683,0
0,0.4725055396556854,0
1,0.46766239404678345,0
0,0.4664701819419861,0
0,0.4666880667209625,0
1,0.4704870283603668,0
1,0.4715161621570587,0
0,0.4725867807865143,0
1,0.4650205075740814,0
0,0.4549153447151184,0
1,0.47280821204185486,0
1,0.4621419310569763,0
0,0.4652700126171112,0
0,0.4716613292694092,0
0,0.46951454877853394,0
1,0.47240149974823,0
0,0.4642115533351898,0
0,0.46452221274375916,0
1,0.4633741080760956,0
0,0.47061657905578613,0
1,0.4640582203865051,0
0,0.4593055546283722,0
0,0.47048455476760864,0
0,0.45523056387901306,0
1,0.45453307032585144,0
1,0.47170132398605347,0
1,0.47377485036849976,0
1,0.4565281569957733,0
1,0.4734601676464081,0
0,0.4680144786834717,0
1,0.4713688790798187,0
0,0.4720415472984314,0
0,0.46314021944999695,0
0,0.453380823135376,0
1,0.4715120196342468,0
1,0.46747249364852905,0
1,0.46091556549072266,0
0,0.46966680884361267,0
1,0.46843042969703674,0
1,0.4666927456855774,0
0,0.4634685814380646,0
0,0.46758148074150085,0
0,0.4651307463645935,0
0,0.46420276165008545,0
1,0.4690473973751068,0
0,0.469716340303421,0
1,0.47133302688598633,0
0,0.460894912481308,0
1,0.4701489508152008,0
0,0.47292572259902954,0
1,0.4731515049934387,0
0,0.45258828997612,0
0,0.4724758267402649,0
0,0.47302210330963135,0
1,0.47130152583122253,0
1,0.47020137310028076,0
0,0.46965697407722473,0
0,0.47026339173316956,0
0,0.4726865887641907,0
0,0.47092992067337036,0
0,0.4711143672466278,0
0,0.4732012450695038,0
0,0.4661470055580139,0
0,0.4548947215080261,0
0,0.4696548283100128,0
1,0.46504369378089905,0
1,0.4693058729171753,0
0,0.4698322117328644,0
0,0.472419798374176,0
1,0.47376829385757446,0
0,0.4667678475379944,0
0,0.45536360144615173,0
0,0.47086289525032043,0
1,0.46715837717056274,0
1,0.4666840732097626,0
0,0.45342493057250977,0
1,0.4608430862426758,0
0,0.47020629048347473,0
0,0.47381627559661865,0
1,0.47336968779563904,0
0,0.46075430512428284,0
0,0.46672308444976807,0
1,0.46014150977134705,0
1,0.47281062602996826,0
1,0.4704327881336212,0
0,0.47303181886672974,0
1,0.45819026231765747,0
0,0.4714934527873993,0
0,0.47085681557655334,0
1,0.455447256565094,0
0,0.45477885007858276,0
0,0.472736120223999,0
1,0.47318732738494873,0
1,0.47197186946868896,0
0,0.47411757707595825,0
1,0.46742692589759827,0
1,0.46991243958473206,0
1,0.46176767349243164,0
1,0.462432861328125,0
0,0.4736727476119995,0
1,0.46848657727241516,0
1,0.46308454871177673,0
1,0.46460774540901184,0
0,0.4681794047355652,0
1,0.4731244444847107,0
0,0.4563087224960327,0
1,0.45777809619903564,0
1,0.4618948996067047,0
1,0.46655869483947754,0
1,0.4570761024951935,0
0,0.47269904613494873,0
1,0.4737403690814972,0
0,0.46280401945114136,0
0,0.4570266008377075,0
1,0.46598169207572937,0
1,0.47225579619407654,0
1,0.47204160690307617,0
1,0.469777375459671,0
1,0.4552862346172333,0
0,0.46167585253715515,0
0,0.4710920453071594,0
1,0.4629310071468353,0
1,0.47302016615867615,0
1,0.46811047196388245,0
0,0.4736000597476959,0
0,0.45789635181427,0
0,0.46874678134918213,0
0,0.4514341950416565,0
0,0.4683946967124939,0
0,0.46853241324424744,0
1,0.4716376066207886,0
0,0.4613247811794281,0
1,0.4689231216907501,0
0,0.46142974495887756,0
1,0.4712528586387634,0
1,0.4543568193912506,0
1,0.4710204303264618,0
0,0.46929171681404114,0
1,0.47046715021133423,0
1,0.4735862612724304,0
1,0.46948713064193726,0
0,0.47017455101013184,0
0,0.4695063531398773,0
0,0.4696666896343231,0
0,0.4703857898712158,0
0,0.44292527437210083,0
0,0.45494893193244934,0
0,0.46328914165496826,0
0,0.4633629024028778,0
1,0.4724346399307251,0
0,0.4738909900188446,0
1,0.4729785621166229,0
0,0.4727672338485718,0
0,0.46492332220077515,0
1,0.4619380831718445,0
0,0.4734381437301636,0
0,0.4717999994754791,0
1,0.46218061447143555,0
1,0.47146299481391907,0
0,0.46159905195236206,0
1,0.46421733498573303,0
0,0.4706760048866272,0
0,0.47260528802871704,0
1,0.47329679131507874,0
1,0.4712114930152893,0
0,0.4605391323566437,0
0,0.4629826843738556,0
0,0.46722832322120667,0
0,0.469292014837265,0
0,0.465406209230423,0
1,0.46176663041114807,0
0,0.46146929264068604,0
1,0.4636457860469818,0
1,0.47263815999031067,0
1,0.47067007422447205,0
0,0.46535322070121765,0
0,0.46291518211364746,0
0,0.4729154407978058,0
0,0.470792293548584,0
1,0.46799811720848083,0
1,0.4699718952178955,0
0,0.46726274490356445,0
1,0.463774174451828,0
1,0.45802050828933716,0
1,0.4705088436603546,0
0,0.46273064613342285,0
1,0.4669651687145233,0
1,0.4721545875072479,0
1,0.46312955021858215,0
0,0.47080153226852417,0
1,0.4722525179386139,0
0,0.46884685754776,0
0,0.46814364194869995,0
0,0.4732315242290497,0
1,0.4697505533695221,0
0,0.47113555669784546,0
1,0.45307981967926025,0
1,0.4682464897632599,0
0,0.467879980802536,0
1,0.47089478373527527,0
0,0.46965229511260986,0
1,0.4581978917121887,0
1,0.46892884373664856,0
1,0.47285571694374084,0
1,0.46121013164520264,0
0,0.4739612638950348,0
1,0.45493704080581665,0
0,0.47192108631134033,0
1,0.46460554003715515,0
0,0.47397634387016296,0
0,0.45384716987609863,0
0,0.4738679826259613,0
0,0.46836063265800476,0
0,0.47106581926345825,0
0,0.46790623664855957,0
0,0.4645763039588928,0
0,0.4533717632293701,0
1,0.4601188600063324,0
1,0.46088674664497375,0
0,0.4730302095413208,0
0,0.473026841878891,0
1,0.470765084028244,0
1,0.47305336594581604,0
1,0.4730142056941986,0
0,0.4611409306526184,0
0,0.4646107256412506,0
0,0.450761079788208,0
0,0.4697485566139221,0
0,0.4728246331214905,0
0,0.46394339203834534,0
0,0.4708779752254486,0
1,0.4702092409133911,0
0,0.46325764060020447,0
0,0.47306814789772034,0
1,0.46993643045425415,0
1,0.4702325463294983,0
1,0.45754438638687134,0
1,0.4716297686100006,0
1,0.46654012799263,0
1,0.4727242887020111,0
0,0.4738727807998657,0
1,0.4730382263660431,0
1,0.4696410298347473,0
1,0.4727094769477844,0
1,0.47234851121902466,0
0,0.4715774357318878,0
1,0.4707737863063812,0
1,0.47001948952674866,0
1,0.4532247483730316,0
0,0.4729127585887909,0
0,0.46935588121414185,0
0,0.4545678496360779,0
0,0.46563079953193665,0
1,0.47211748361587524,0
1,0.4534558057785034,0
0,0.47134679555892944,0
0,0.461507111787796,0
1,0.46965304017066956,0
0,0.46967148780822754,0
1,0.46583521366119385,0
1,0.4674362540245056,0
1,0.47263070940971375,0
0,0.4704923629760742,0
1,0.47173982858657837,0
1,0.4673255681991577,0
0,0.45733925700187683,0
0,0.4663333594799042,0
0,0.45444270968437195,0
0,0.4709583818912506,0
1,0.47152167558670044,0
0,0.4530598521232605,0
0,0.47030481696128845,0
0,0.46196356415748596,0
1,0.4710128605365753,0
0,0.46088919043540955,0
1,0.4632617235183716,0
1,0.46292200684547424,0
1,0.47149208188056946,0
0,0.47391781210899353,0
0,0.4554438889026642,0
0,0.46907055377960205,0
0,0.46347957849502563,0
0,0.4726666510105133,0
0,0.47313836216926575,0
1,0.47354984283447266,0
1,0.4657371938228607,0
0,0.47273483872413635,0
1,0.47354599833488464,0
1,0.4727073013782501,0
1,0.47254544496536255,0
1,0.4730541706085205,0
1,0.4696527123451233,0
1,0.47389206290245056,0
1,0.4699101150035858,0
0,0.45623579621315,0
1,0.47263768315315247,0
0,0.4646511375904083,0
1,0.46586254239082336,0
1,0.46219387650489807,0
1,0.4627508223056793,0
0,0.4640427231788635,0
1,0.45637717843055725,0
0,0.47280028462409973,0
0,0.45454278588294983,0
1,0.47054457664489746,0
1,0.4696521759033203,0
1,0.4702533483505249,0
0,0.4730417728424072,0
0,0.47116655111312866,0
0,0.4696519672870636,0
0,0.47221508622169495,0
1,0.46406280994415283,0
0,0.47252172231674194,0
1,0.4696519672870636,0
1,0.4703959822654724,0
1,0.463959664106369,0
0,0.47006675601005554,0
0,0.4689856767654419,0
0,0.470613956451416,0
1,0.4558977484703064,0
0,0.4694112539291382,0
1,0.464713990688324,0
0,0.4565187990665436,0
0,0.45876842737197876,0
0,0.46613621711730957,0
0,0.4533156454563141,0
1,0.46577760577201843,0
1,0.46826353669166565,0
1,0.46715110540390015,0
0,0.4698454737663269,0
0,0.47432786226272583,0
0,0.4697125554084778,0
1,0.4577833116054535,0
1,0.47290530800819397,0
0,0.47222980856895447,0
1,0.46831226348876953,0
0,0.4635496139526367,0
0,0.4637956917285919,0
0,0.4691857695579529,0
1,0.47078588604927063,0
1,0.46822455525398254,0
0,0.4715877175331116,0
1,0.4620378613471985,0
1,0.46495509147644043,0
0,0.46750059723854065,0
1,0.46181800961494446,0
0,0.4645273685455322,0
1,0.4722009301185608,0
1,0.46892282366752625,0
0,0.4678487777709961,0
1,0.4696865379810333,0
1,0.4660729169845581,0
0,0.45593342185020447,0
1,0.4723406136035919,0
1,0.47426608204841614,0
0,0.47272929549217224,0
0,0.46170493960380554,0
0,0.4736746847629547,0
0,0.4673413336277008,0
1,0.46088919043540955,0
0,0.465633749961853,0
1,0.4704854190349579,0
1,0.4726870656013489,0
1,0.46441689133644104,0
1,0.4666264057159424,0
0,0.47029465436935425,0
1,0.4688069224357605,0
0,0.47207528352737427,0
1,0.4696611166000366,0
0,0.47371864318847656,0
1,0.47258326411247253,0
0,0.47220730781555176,0
1,0.45899078249931335,0
0,0.459879606962204,0
1,0.4385422468185425,0
0,0.45306074619293213,0
0,0.4739737808704376,0
0,0.46623674035072327,0
0,0.4701748788356781,0
1,0.47397592663764954,0
0,0.471389502286911,0
1,0.46711066365242004,0
0,0.4697782099246979,0
0,0.4704907238483429,0
1,0.4697719216346741,0
1,0.4581887722015381,0
1,0.4661080539226532,0
1,0.4528478682041168,0
1,0.4577028751373291,0
1,0.4685834050178528,0
1,0.4666670560836792,0
1,0.46941062808036804,0
0,0.4726335406303406,0
0,0.4706968069076538,0
0,0.46967780590057373,0
1,0.471657395362854,0
0,0.45397862792015076,0
0,0.4584813714027405,0
1,0.46954450011253357,0
0,0.47313565015792847,0
1,0.46129804849624634,0
1,0.46825161576271057,0
0,0.46237418055534363,0
0,0.47390031814575195,0
1,0.47133296728134155,0
1,0.46480679512023926,0
0,0.47300493717193604,0
1,0.46517878770828247,0
1,0.4724327623844147,0
1,0.4709131717681885,0
1,0.45175251364707947,0
1,0.47258901596069336,0
0,0.4732120931148529,0
1,0.4643946588039398,0
0,0.47035202383995056,0
1,0.4701114594936371,0
0,0.46452367305755615,0
0,0.4727374017238617,0
1,0.4631228446960449,0
1,0.4738757908344269,0
0,0.47083809971809387,0
1,0.4684831202030182,0
0,0.47352835536003113,0
0,0.46567603945732117,0
0,0.47042524814605713,0
0,0.4716675281524658,0
0,0.46549731492996216,0
0,0.46899837255477905,0
0,0.4724636375904083,0
0,0.46938785910606384,0
0,0.4678514897823334,0
0,0.47283822298049927,0
1,0.47149187326431274,0
0,0.46916094422340393,0
1,0.4719485640525818,0
1,0.47053492069244385,0
0,0.4668225049972534,0
1,0.4730531573295593,0
0,0.4723552465438843,0
1,0.46522897481918335,0
0,0.470625102519989,0
0,0.46619486808776855,0
0,0.46885114908218384,0
0,0.47280481457710266,0
0,0.46733203530311584,0
1,0.4646267890930176,0
0,0.4725392758846283,0
1,0.46730244159698486,0
1,0.46491095423698425,0
0,0.45587942004203796,0
1,0.4739338755607605,0
0,0.4707320034503937,0
0,0.4730684161186218,0
1,0.4692249894142151,0
1,0.4689368009567261,0
1,0.46577081084251404,0
0,0.46405062079429626,0
0,0.4646546244621277,0
0,0.4591640830039978,0
1,0.46990105509757996,0
1,0.4732304513454437,0
1,0.472661554813385,0
1,0.47389453649520874,0
1,0.4635717570781708,0
1,0.46740618348121643,0
0,0.4657370448112488,0
0,0.4739640951156616,0
1,0.46937331557273865,0
0,0.4727027714252472,0
1,0.4603666663169861,0
0,0.46544861793518066,0
0,0.4685710370540619,0
0,0.4549276828765869,0
1,0.4697988033294678,0
1,0.4726914167404175,0
0,0.472883015871048,0
1,0.468085914850235,0
0,0.4612734317779541,0
0,0.47029241919517517,0
0,0.4694211184978485,0
0,0.4578132927417755,0
0,0.46882668137550354,0
1,0.47397345304489136,0
0,0.47347110509872437,0
0,0.45526760816574097,0
1,0.45531588792800903,0
1,0.4608329236507416,0
1,0.4614794850349426,0
0,0.46970635652542114,0
0,0.4701620042324066,0
0,0.4708561897277832,0
1,0.4732755720615387,0
1,0.47273916006088257,0
0,0.45463457703590393,0
0,0.4682147800922394,0
1,0.45660802721977234,0
1,0.464333176612854,0
1,0.473193496465683,0
0,0.4718385338783264,0
1,0.46241483092308044,0
1,0.4584668278694153,0
1,0.46038517355918884,0
0,0.468601256608963,0
0,0.4571339786052704,0
0,0.4700673818588257,0
0,0.4729187488555908,0
0,0.4714124798774719,0
1,0.4726734161376953,0
0,0.46903225779533386,0
1,0.47122690081596375,0
0,0.4707484841346741,0
1,0.4541797935962677,0
1,0.47295841574668884,0
1,0.46230706572532654,0
1,0.45571738481521606,0
0,0.4707104563713074,0
0,0.4628942310810089,0
1,0.47281327843666077,0
1,0.4728558659553528,0
1,0.4626477062702179,0
0,0.4718940854072571,0
1,0.4691152274608612,0
1,0.46769389510154724,0
1,0.4545157551765442,0
0,0.4726851284503937,0
1,0.4727581739425659,0
0,0.47242388129234314,0
0,0.4675571918487549,0
0,0.4725476801395416,0
1,0.464388906955719,0
0,0.47033894062042236,0
1,0.46845945715904236,0
0,0.4698113203048706,0
0,0.4631505012512207,0
0,0.462504506111145,0
0,0.46519115567207336,0
0,0.4736018776893616,0
1,0.46965932846069336,0
1,0.47338300943374634,0
1,0.47393253445625305,0
1,0.4729427397251129,0
0,0.4698032736778259,0
0,0.4638594090938568,0
1,0.4734393060207367,0
1,0.46563059091567993,0
0,0.4729798436164856,0
1,0.47183123230934143,0
0,0.473961740732193,0
0,0.46955692768096924,0
1,0.47208380699157715,0
0,0.4684312045574188,0
0,0.469683438539505,0
0,0.4700489342212677,0
0,0.47047969698905945,0
0,0.4716354012489319,0
1,0.4551270008087158,0
1,0.4620863199234009,0
1,0.47318530082702637,0
0,0.4703183174133301,0
1,0.47269925475120544,0
0,0.47093871235847473,0
0,0.4724831283092499,0
1,0.45417460799217224,0
1,0.47270190715789795,0
1,0.4729865789413452,0
1,0.464485228061676,0
1,0.4567811191082001,0
1,0.4639115333557129,0
0,0.47256168723106384,0
1,0.4727526009082794,0
1,0.46947935223579407,0
0,0.4701733887195587,0
0,0.4727143943309784,0
1,0.47022247314453125,0
1,0.4723414182662964,0
1,0.4665175974369049,0
0,0.4723871648311615,0
1,0.4671931862831116,0
0,0.4684520363807678,0
0,0.4720824658870697,0
1,0.4638668894767761,0
0,0.47314193844795227,0
1,0.47274428606033325,0
1,0.4701659083366394,0
0,0.4631786346435547,0
0,0.46843162178993225,0
0,0.46828195452690125,0
1,0.4656103849411011,0
0,0.4642072916030884,0
1,0.47021588683128357,0
0,0.4696500897407532,0
1,0.4696526527404785,0
0,0.4727923572063446,0
0,0.46970993280410767,0
0,0.46965470910072327,0
1,0.4706278443336487,0
0,0.46457305550575256,0
1,0.4725390672683716,0
1,0.4739212095737457,0
1,0.46902626752853394,0
0,0.45476555824279785,0
1,0.4660802185535431,0
1,0.47321978211402893,0
0,0.4687284529209137,0
0,0.47397080063819885,0
1,0.45658013224601746,0
1,0.47225600481033325,0
0,0.4699248671531677,0
1,0.47097888588905334,0
0,0.45277589559555054,0
1,0.47082751989364624,0
1,0.46507149934768677,0
1,0.46242961287498474,0
0,0.4718608260154724,0
0,0.47214773297309875,0
0,0.46941155195236206,0
0,0.47245436906814575,0
0,0.4700060188770294,0
0,0.4543343186378479,0
1,0.46956300735473633,0
0,0.4722922742366791,0
0,0.46285831928253174,0
1,0.4729057848453522,0
0,0.4495006501674652,0
0,0.4737188518047333,0
0,0.4730115830898285,0
0,0.4690307676792145,0
1,0.4571596384048462,0
1,0.4602113962173462,0
0,0.47271278500556946,0
0,0.4717942774295807,0
1,0.46749892830848694,0
0,0.4706645905971527,0
1,0.47269755601882935,0
0,0.4644351899623871,0
1,0.4585955739021301,0
0,0.47360101342201233,0
0,0.46965208649635315,0
0,0.4718589186668396,0
1,0.47101226449012756,0
1,0.4546404778957367,0
1,0.4730609357357025,0
1,0.4599713683128357,0
0,0.4729386866092682,0
1,0.47232940793037415,0
0,0.4669685363769531,0
1,0.47177714109420776,0
0,0.47379013895988464,0
0,0.46222391724586487,0
1,0.4533650577068329,0
1,0.4650648832321167,0
0,0.46374356746673584,0
0,0.46475744247436523,0
1,0.4702206254005432,0
1,0.4716280698776245,0
1,0.46371838450431824,0
1,0.4715116024017334,0
1,0.4506573975086212,0
1,0.45363739132881165,0
0,0.4665519595146179,0
0,0.471383661031723,0
0,0.4715774357318878,0
1,0.46965283155441284,0
1,0.4617401957511902,0
1,0.47110649943351746,0
1,0.47004440426826477,0
0,0.4734318256378174,0
0,0.4651302397251129,0
1,0.46762311458587646,0
1,0.47017961740493774,0
1,0.46314018964767456,0
1,0.45388686656951904,0
0,0.4739767909049988,0
1,0.46857479214668274,0
1,0.46905940771102905,0
1,0.47291991114616394,0
0,0.4722766578197479,0
0,0.4724004864692688,0
1,0.47060734033584595,0
0,0.4632920026779175,0
1,0.470208078622818,0
0,0.45941102504730225,0
1,0.46569517254829407,0
0,0.4589408338069916,0
0,0.4709779918193817,0
0,0.47229892015457153,0
1,0.4726054072380066,0
0,0.46402105689048767,0
1,0.4561188817024231,0
0,0.4726865887641907,0
1,0.4614054262638092,0
0,0.47309237718582153,0
1,0.47300535440444946,0
1,0.4678582549095154,0
0,0.4596586227416992,0
0,0.4677042067050934,0
0,0.46878257393836975,0
0,0.4596054255962372,0
0,0.4728580117225647,0
1,0.4696514904499054,0
1,0.46692243218421936,0
1,0.46667513251304626,0
1,0.47270718216896057,0
1,0.4668228030204773,0
1,0.4726008176803589,0
0,0.47275689244270325,0
0,0.4697944223880768,0
1,0.47273755073547363,0
0,0.45381131768226624,0
1,0.4699913263320923,0
1,0.47201260924339294,0
1,0.45533135533332825,0
1,0.47021472454071045,0
1,0.4736829102039337,0
1,0.4718935489654541,0
1,0.4730836749076843,0
0,0.46788519620895386,0
0,0.47324907779693604,0
1,0.47221285104751587,0
1,0.453523188829422,0
0,0.4730052947998047,0
1,0.4556331932544708,0
0,0.4703146815299988,0
0,0.45119741559028625,0
0,0.4549744129180908,0
1,0.46939197182655334,0
1,0.4729625880718231,0
0,0.4688364863395691,0
0,0.45581525564193726,0
1,0.4729180932044983,0
1,0.4731133282184601,0
0,0.4608931839466095,0
0,0.4668630361557007,0
0,0.47066766023635864,0
0,0.47122395038604736,0
1,0.47399017214775085,0
1,0.47253257036209106,0
0,0.47282183170318604,0
1,0.4674386978149414,0
1,0.46477141976356506,0
1,0.47277823090553284,0
0,0.4708074927330017,0
0,0.4678851366043091,0
0,0.45908400416374207,0
0,0.47197893261909485,0
1,0.469641774892807,0
1,0.4671809673309326,0
1,0.455005943775177,0
0,0.46471574902534485,0
1,0.46478939056396484,0
1,0.47278887033462524,0
0,0.47391530871391296,0
0,0.47384828329086304,0
1,0.4633582532405853,0
1,0.4608921706676483,0
1,0.46898603439331055,0
1,0.4696029722690582,0
1,0.47217032313346863,0
1,0.4545363187789917,0
1,0.4563126862049103,0
0,0.4711550176143646,0
0,0.47179141640663147,0
1,0.45991653203964233,0
0,0.4695631265640259,0
0,0.47080564498901367,0
0,0.4643363058567047,0
0,0.46237310767173767,0
0,0.4602855145931244,0
1,0.47280967235565186,0
1,0.45868462324142456,0
1,0.46977391839027405,0
1,0.46966618299484253,0
1,0.45876169204711914,0
0,0.46963852643966675,0
1,0.47274497151374817,0
0,0.46233367919921875,0
0,0.4709775745868683,0
0,0.47229713201522827,0
1,0.4725100100040436,0
1,0.472778856754303,0
1,0.4640011489391327,0
1,0.46965208649635315,0
0,0.4685864746570587,0
0,0.4656275510787964,0
1,0.4726620614528656,0
0,0.4574415981769562,0
1,0.4726758301258087,0
1,0.4536455273628235,0
0,0.4562169015407562,0
0,0.4705559313297272,0
1,0.46726226806640625,0
1,0.4537031352519989,0
1,0.47049152851104736,0
1,0.47300395369529724,0
1,0.46073222160339355,0
0,0.46321916580200195,0
1,0.4715496897697449,0
0,0.4687350392341614,0
1,0.4726722538471222,0
1,0.46240338683128357,0
0,0.4643345773220062,0
1,0.47100570797920227,0
0,0.4552420973777771,0
1,0.46700701117515564,0
0,0.45923808217048645,0
1,0.4738501012325287,0
0,0.4699484407901764,0
1,0.47268012166023254,0
1,0.4735740125179291,0
1,0.4701351821422577,0
1,0.4701710343360901,0
1,0.4727664887905121,0
1,0.4576559364795685,0
1,0.47270116209983826,0
0,0.4561050236225128,0
1,0.4697093665599823,0
0,0.47327497601509094,0
0,0.4633643925189972,0
0,0.46988043189048767,0
0,0.4719984829425812,0
1,0.4717198312282562,0
1,0.4703611433506012,0
0,0.4719552993774414,0
0,0.47251245379447937,0
0,0.46408042311668396,0
1,0.4522065222263336,0
0,0.47008955478668213,0
0,0.4735229015350342,0
1,0.46731317043304443,0
1,0.45546847581863403,0
1,0.46997034549713135,0
0,0.4576556384563446,0
1,0.46084222197532654,0
0,0.46814820170402527,0
1,0.469654381275177,0
1,0.47268497943878174,0
0,0.47188037633895874,0
1,0.4714898467063904,0
1,0.4599705934524536,0
0,0.4726983904838562,0
0,0.45271870493888855,0
0,0.4726826250553131,0
0,0.4517941176891327,0
1,0.4658960700035095,0
1,0.46200284361839294,0
0,0.4692838191986084,0
0,0.4724486470222473,0
1,0.47013533115386963,0
0,0.4737354516983032,0
0,0.4731511175632477,0
0,0.4538903832435608,0
1,0.46926766633987427,0
0,0.4625107944011688,0
1,0.47051042318344116,0
1,0.47366803884506226,0
1,0.46250462532043457,0
1,0.473016619682312,0
1,0.45827817916870117,0
1,0.4619176685810089,0
0,0.4705156087875366,0
1,0.4726715683937073,0
0,0.46857962012290955,0
1,0.47247251868247986,0
0,0.47042250633239746,0
1,0.46607527136802673,0
0,0.4724287688732147,0
1,0.46858683228492737,0
1,0.4726995825767517,0
0,0.4716842472553253,0
1,0.4669917821884155,0
0,0.46966350078582764,0
0,0.458158940076828,0
0,0.46920591592788696,0
0,0.4536217153072357,0
0,0.47206318378448486,0
0,0.469686359167099,0
0,0.4687398672103882,0
0,0.47270214557647705,0
0,0.4679768681526184,0
1,0.47028252482414246,0
1,0.47024697065353394,0
0,0.4565064013004303,0
0,0.4726881682872772,0
0,0.4723391830921173,0
0,0.47057631611824036,0
0,0.465761661529541,0
0,0.4727451205253601,0
0,0.4739624261856079,0
1,0.4712424874305725,0
0,0.4727630913257599,0
0,0.4665461480617523,0
0,0.47378361225128174,0
1,0.46747681498527527,0
1,0.47301483154296875,0
1,0.4625154733657837,0
1,0.46508604288101196,0
0,0.45823511481285095,0
0,0.4574788212776184,0
0,0.4718036353588104,0
1,0.4607480764389038,0
1,0.4705260396003723,0
1,0.46711811423301697,0
1,0.45782047510147095,0
0,0.4702129364013672,0
0,0.47040995955467224,0
0,0.4690782129764557,0
0,0.47092169523239136,0
0,0.46975287795066833,0
0,0.4565766453742981,0
0,0.46588194370269775,0
1,0.47196000814437866,0
0,0.4597616195678711,0
0,0.4730870723724365,0
0,0.4661388099193573,0
0,0.45148152112960815,0
0,0.4601346552371979,0
0,0.47060269117355347,0
0,0.46813300251960754,0
1,0.4696510434150696,0
0,0.469736248254776,0
0,0.47331562638282776,0
0,0.4711107909679413,0
1,0.4607849717140198,0
1,0.4611304700374603,0
1,0.46918267011642456,0
1,0.46481966972351074,0
1,0.4620617926120758,0
0,0.46481823921203613,0
1,0.468207985162735,0
1,0.46282926201820374,0
0,0.46838507056236267,0
1,0.4672183394432068,0
0,0.45536863803863525,0
0,0.4735531806945801,0
0,0.4730912446975708,0
0,0.4729505181312561,0
0,0.4723070561885834,0
0,0.46987083554267883,0
0,0.4644753634929657,0
1,0.471488893032074,0
1,0.46972593665122986,0
0,0.47267359495162964,0
0,0.4716789424419403,0
1,0.464854896068573,0
0,0.4719729721546173,0
1,0.4560346007347107,0
1,0.46177223324775696,0
1,0.4719039499759674,0
0,0.46874070167541504,0
1,0.4735964834690094,0
0,0.4732884466648102,0
1,0.4690532386302948,0
1,0.45821255445480347,0
1,0.47312626242637634,0
0,0.470620334148407,0
0,0.4705132842063904,0
0,0.4696207344532013,0
0,0.47294044494628906,0
0,0.46510419249534607,0
1,0.46441811323165894,0
1,0.4701696038246155,0
0,0.4696750044822693,0
0,0.4714036285877228,0
0,0.46541517972946167,0
0,0.4716818034648895,0
0,0.47067567706108093,0
1,0.4688221216201782,0
0,0.4653238356113434,0
1,0.4611301124095917,0
0,0.4600754976272583,0
0,0.472542405128479,0
0,0.4729049801826477,0
1,0.46549633145332336,0
1,0.46712055802345276,0
1,0.47229185700416565,0
0,0.47098371386528015,0
1,0.4733768403530121,0
0,0.4732152819633484,0
0,0.4740445017814636,0
1,0.46690329909324646,0
0,0.47045964002609253,0
1,0.45825719833374023,0
1,0.4692673981189728,0
0,0.47370463609695435,0
1,0.471309632062912,0
1,0.46792033314704895,0
0,0.46965208649635315,0
0,0.473198264837265,0
1,0.4708075523376465,0
1,0.4643673300743103,0
1,0.46118202805519104,0
1,0.4611455202102661,0
0,0.46224236488342285,0
0,0.45526090264320374,0
0,0.47298336029052734,0
1,0.468878835439682,0
0,0.45350778102874756,0
0,0.468189537525177,0
0,0.4702097773551941,0
0,0.46544918417930603,0
0,0.4695760905742645,0
0,0.46965527534484863,0
1,0.4696856439113617,0
0,0.4622196555137634,0
1,0.4726773202419281,0
1,0.469653457403183,0
0,0.4608352482318878,0
0,0.47294262051582336,0
0,0.4602425992488861,0
1,0.4663853943347931,0
1,0.45341700315475464,0
1,0.4696381986141205,0
0,0.46996691823005676,0
0,0.46564337611198425,0
1,0.4698486328125,0
0,0.4732695519924164,0
0,0.4688522517681122,0
0,0.4697297215461731,0
0,0.47299447655677795,0
0,0.4681532680988312,0
1,0.46083584427833557,0
0,0.464966744184494,0
0,0.46937206387519836,0
1,0.47269701957702637,0
0,0.4727611839771271,0
0,0.46616071462631226,0
0,0.4644439220428467,0
0,0.4686893820762634,0
0,0.46904146671295166,0
0,0.4577734172344208,0
1,0.45984670519828796,0
1,0.46921810507774353,0
1,0.4563930332660675,0
1,0.4717572331428528,0
0,0.4696747958660126,0
1,0.4732777774333954,0
0,0.4541875123977661,0
1,0.46775779128074646,0
1,0.47387397289276123,0
1,0.4704192280769348,0
1,0.4705881178379059,0
0,0.4695834517478943,0
1,0.45256277918815613,0
1,0.4548600912094116,0
0,0.47266313433647156,0
0,0.47259804606437683,0
0,0.4580767750740051,0
1,0.46828433871269226,0
1,0.47302189469337463,0
1,0.4696517586708069,0
1,0.4700182378292084,0
0,0.47354236245155334,0
0,0.4735824763774872,0
0,0.4723838269710541,0
1,0.4726525843143463,0
1,0.46436813473701477,0
0,0.47073379158973694,0
1,0.47104018926620483,0
1,0.47094500064849854,0
1,0.4717690348625183,0
1,0.45447152853012085,0
1,0.4659202992916107,0
0,0.4585106372833252,0
1,0.4696548283100128,0
1,0.46949446201324463,0
0,0.47170430421829224,0
0,0.46041396260261536,0
0,0.47297218441963196,0
1,0.47263652086257935,0
0,0.4596029222011566,0
1,0.4619927406311035,0
1,0.4617578089237213,0
0,0.46717336773872375,0
1,0.47322726249694824,0
0,0.4652070999145508,0
1,0.46479490399360657,0
0,0.47274327278137207,0
0,0.4712085425853729,0
0,0.47294262051582336,0
1,0.47061094641685486,0
0,0.4739050269126892,0
0,0.45598548650741577,0
0,0.4553830325603485,0
1,0.4694231152534485,0
1,0.46850675344467163,0
0,0.4727754592895508,0
1,0.46070000529289246,0
0,0.4606163799762726,0
1,0.46906015276908875,0
0,0.46171337366104126,0
1,0.4626948833465576,0
1,0.47014349699020386,0
0,0.47267037630081177,0
0,0.4657065272331238,0
1,0.47161030769348145,0
1,0.4736991822719574,0
1,0.47012871503829956,0
0,0.47317588329315186,0
1,0.4718184769153595,0
1,0.4557662606239319,0
1,0.4638543725013733,0
1,0.45994773507118225,0
0,0.4710998833179474,0
1,0.45913922786712646,0
0,0.4694579541683197,0
0,0.46877413988113403,0
0,0.4716096818447113,0
1,0.4609304666519165,0
1,0.47240695357322693,0
0,0.46975648403167725,0
1,0.4555765688419342,0
0,0.4706621766090393,0
1,0.4739491641521454,0
0,0.4615294635295868,0
0,0.4707483649253845,0
1,0.4706602692604065,0
0,0.462090402841568,0
1,0.45616650581359863,0
1,0.46966081857681274,0
1,0.4681189954280853,0
0,0.47008270025253296,0
0,0.4725457727909088,0
1,0.47103703022003174,0
0,0.45708388090133667,0
1,0.47102993726730347,0
0,0.45748820900917053,0
1,0.45933443307876587,0
1,0.47198817133903503,0
1,0.46837863326072693,0
1,0.4654344916343689,0
0,0.4435289204120636,0
1,0.4739469587802887,0
0,0.47373977303504944,0
0,0.47093823552131653,0
1,0.4688594937324524,0
0,0.47031256556510925,0
1,0.4707026779651642,0
0,0.46198770403862,0
1,0.4636913239955902,0
0,0.47224366664886475,0
0,0.46208277344703674,0
1,0.46108490228652954,0
0,0.47273558378219604,0
0,0.4497911334037781,0
0,0.4660438895225525,0
0,0.4727354943752289,0
0,0.45688530802726746,0
1,0.46565213799476624,0
1,0.4609464704990387,0
1,0.46978995203971863,0
0,0.4607393741607666,0
1,0.45606639981269836,0
1,0.4630078673362732,0
0,0.47301703691482544,0
1,0.47298678755760193,0
1,0.47257739305496216,0
0,0.47359830141067505,0
0,0.4725358784198761,0
1,0.47072893381118774,0
1,0.4693833887577057,0
0,0.47314780950546265,0
1,0.47032633423805237,0
1,0.4736463129520416,0
1,0.4646735191345215,0
0,0.46969619393348694,0
1,0.4654792249202728,0
0,0.4536723792552948,0
1,0.46956679224967957,0
1,0.4710397720336914,0
0,0.4577774107456207,0
0,0.45528796315193176,0
1,0.46369147300720215,0
1,0.4650690257549286,0
0,0.4696289002895355,0
1,0.4648877680301666,0
0,0.4615749716758728,0
0,0.4670936167240143,0
0,0.4696025550365448,0
0,0.46966448426246643,0
1,0.46971455216407776,0
1,0.47223740816116333,0
0,0.4704512655735016,0
0,0.472539484500885,0
1,0.46475374698638916,0
1,0.46847060322761536,0
0,0.46989843249320984,0
1,0.4655558168888092,0
1,0.467802494764328,0
1,0.4520528018474579,0
1,0.46230074763298035,0
0,0.4710868000984192,0
0,0.45482930541038513,0
0,0.4704955518245697,0
1,0.4724460244178772,0
1,0.46739718317985535,0
1,0.4686029851436615,0
1,0.47135645151138306,0
0,0.47177380323410034,0
1,0.46966034173965454,0
0,0.4560132324695587,0
0,0.47223564982414246,0
1,0.4739462435245514,0
1,0.4646366536617279,0
0,0.46457764506340027,0
1,0.4706798493862152,0
0,0.47167226672172546,0
1,0.46351781487464905,0
1,0.4725100100040436,0
0,0.4735044240951538,0
1,0.46678972244262695,0
0,0.46863558888435364,0
1,0.46879667043685913,0
0,0.46533557772636414,0
1,0.46638941764831543,0
1,0.45293405652046204,0
1,0.4734746813774109,0
1,0.46357324719429016,0
0,0.47308793663978577,0
0,0.46418410539627075,0
0,0.4696536660194397,0
1,0.47101497650146484,0
1,0.4723046123981476,0
0,0.4690902531147003,0
1,0.47057461738586426,0
0,0.4621131122112274,0
0,0.46613064408302307,0
1,0.46970856189727783,0
0,0.4548987150192261,0
0,0.47110581398010254,0
1,0.4722168743610382,0
0,0.45951327681541443,0
1,0.4645313322544098,0
1,0.4696538746356964,0
0,0.4675839841365814,0
1,0.46265193819999695,0
0,0.4731465280056,0
0,0.4578562080860138,0
0,0.46965640783309937,0
0,0.4583388864994049,0
1,0.47167500853538513,0
1,0.46371206641197205,0
0,0.4538605809211731,0
0,0.4668094217777252,0
1,0.4671010971069336,0
1,0.47241413593292236,0
1,0.4629354476928711,0
1,0.4539548456668854,0
1,0.46851617097854614,0
0,0.4708387851715088,0
1,0.4734804630279541,0
0,0.4597350060939789,0
1,0.47292694449424744,0
1,0.4639853835105896,0
0,0.4701390266418457,0
0,0.46401870250701904,0
1,0.4720986783504486,0
1,0.4565705358982086,0
1,0.4570125639438629,0
0,0.4652429223060608,0
0,0.4661971628665924,0
0,0.45803916454315186,0
1,0.45860639214515686,0
0,0.45788970589637756,0
0,0.47391605377197266,0
0,0.4727114140987396,0
0,0.47130393981933594,0
1,0.4702504575252533,0
1,0.4658716917037964,0
0,0.4579564332962036,0
0,0.47385522723197937,0
0,0.4720810353755951,0
1,0.45998188853263855,0
0,0.45717495679855347,0
0,0.46328258514404297,0
0,0.47159290313720703,0
1,0.4648210108280182,0
1,0.46954572200775146,0
1,0.47319015860557556,0
1,0.4699118137359619,0
0,0.4701581597328186,0
0,0.47385743260383606,0
1,0.4611934423446655,0
1,0.47274917364120483,0
1,0.4615984857082367,0
0,0.46131402254104614,0
0,0.4546103775501251,0
0,0.47012531757354736,0
0,0.46953579783439636,0
1,0.4725043475627899,0
0,0.46965292096138,0
0,0.47241607308387756,0
0,0.47380074858665466,0
1,0.4731399118900299,0
1,0.4705066680908203,0
0,0.47274050116539,0
1,0.45900097489356995,0
1,0.4733448624610901,0
0,0.47252917289733887,0
1,0.45352643728256226,0
1,0.4624674320220947,0
1,0.4697120487689972,0
0,0.47295233607292175,0
0,0.4643053114414215,0
1,0.4646289050579071,0
0,0.4684871435165405,0
1,0.45830532908439636,0
1,0.46786338090896606,0
0,0.4610099494457245,0
0,0.4586326777935028,0
0,0.4528944194316864,0
0,0.47142520546913147,0
1,0.4572294056415558,0
1,0.46567726135253906,0
0,0.46098658442497253,0
0,0.47359710931777954,0
0,0.4542580842971802,0
1,0.47256430983543396,0
1,0.4724348485469818,0
1,0.46965208649635315,0
1,0.4739639461040497,0
1,0.47143056988716125,0
0,0.46895700693130493,0
1,0.4685554504394531,0
0,0.4666433036327362,0
1,0.4655958116054535,0
0,0.47238612174987793,0
0,0.45315492153167725,0
1,0.47322478890419006,0
1,0.46736276149749756,0
1,0.4620746076107025,0
1,0.4697518050670624,0
0,0.467363178730011,0
0,0.4593565762042999,0
0,0.4624798893928528,0
1,0.4706004858016968,0
0,0.46240437030792236,0
1,0.4719722867012024,0
1,0.46069058775901794,0
1,0.46866822242736816,0
1,0.4622615575790405,0
1,0.46965259313583374,0
0,0.47378167510032654,0
0,0.4730292558670044,0
1,0.4617120027542114,0
0,0.47243911027908325,0
1,0.456077516078949,0
0,0.46083083748817444,0
1,0.473972886800766,0
1,0.4726836383342743,0
1,0.4696581959724426,0
1,0.4731702506542206,0
1,0.46909603476524353,0
1,0.4696521759033203,0
0,0.462015837430954,0
1,0.47291651368141174,0
1,0.4628353714942932,0
1,0.4658098816871643,0
0,0.4726908504962921,0
1,0.4679892063140869,0
0,0.4741307199001312,0
1,0.4663185477256775,0
1,0.47269466519355774,0
1,0.47135844826698303,0
1,0.4727424681186676,0
1,0.47256067395210266,0
0,0.47002819180488586,0
1,0.46085336804389954,0
0,0.4734502136707306,0
0,0.4696386754512787,0
0,0.4666449725627899,0
0,0.45623862743377686,0
0,0.4716987609863281,0
1,0.4706190824508667,0
0,0.4693312346935272,0
1,0.47341087460517883,0
0,0.47222045063972473,0
1,0.46755144000053406,0
1,0.46579569578170776,0
1,0.46305131912231445,0
1,0.4701460301876068,0
1,0.45384618639945984,0
0,0.46880754828453064,0
1,0.47396120429039,0
1,0.465440034866333,0
0,0.4726753830909729,0
0,0.47093528509140015,0
1,0.46174874901771545,0
0,0.47291526198387146,0
0,0.4726462662220001,0
1,0.4585378170013428,0
0,0.462159126996994,0
0,0.4710749685764313,0
1,0.4674657881259918,0
0,0.455060213804245,0
0,0.4609541594982147,0
1,0.4732881188392639,0
0,0.4719054400920868,0
1,0.4723893105983734,0
0,0.47288867831230164,0
0,0.4719489812850952,0
0,0.47265705466270447,0
0,0.47094056010246277,0
1,0.4650435447692871,0
0,0.47260838747024536,0
0,0.4722399115562439,0
1,0.46891364455223083,0
1,0.4732881188392639,0
1,0.4728816747665405,0
0,0.4698592722415924,0
1,0.4531453251838684,0
0,0.47273361682891846,0
1,0.4704967439174652,0
0,0.45391523838043213,0
0,0.46260014176368713,0
1,0.4730605185031891,0
0,0.46451130509376526,0
0,0.4603968858718872,0
1,0.47382858395576477,0
0,0.4619351327419281,0
0,0.4712165296077728,0
0,0.4727649986743927,0
1,0.46892282366752625,0
1,0.46499374508857727,0
0,0.46965292096138,0
1,0.46920764446258545,0
1,0.47003471851348877,0
0,0.473798930644989,0
1,0.47108373045921326,0
0,0.46189528703689575,0
1,0.4549257457256317,0
1,0.47247636318206787,0
0,0.4701992869377136,0
0,0.4646424353122711,0
1,0.4676890969276428,0
1,0.47291073203086853,0
1,0.4553792178630829,0
1,0.4726608991622925,0
1,0.4643540680408478,0
0,0.4721795618534088,0
1,0.46577388048171997,0
0,0.4638768434524536,0
0,0.45639094710350037,0
1,0.47385844588279724,0
0,0.47013282775878906,0
0,0.470994770526886,0
0,0.46350836753845215,0
1,0.46961021423339844,0
1,0.47223618626594543,0
1,0.4717227518558502,0
0,0.4696587026119232,0
0,0.4720146358013153,0
1,0.4736720621585846,0
1,0.47024813294410706,0
0,0.4699746072292328,0
1,0.46965208649635315,0
0,0.461384654045105,0
0,0.4729005694389343,0
1,0.47044169902801514,0
0,0.44408926367759705,0
0,0.4649147689342499,0
1,0.4701157808303833,0
0,0.4729941487312317,0
0,0.463410884141922,0
0,0.47084587812423706,0
0,0.46448349952697754,0
0,0.4726260304450989,0
1,0.4694940149784088,0
0,0.4645412564277649,0
0,0.4620014429092407,0
1,0.46903643012046814,0
1,0.47268423438072205,0
1,0.4738503098487854,0
0,0.47375765442848206,0
0,0.4669249951839447,0
0,0.45706334710121155,0
0,0.4727476239204407,0
1,0.4696519672870636,0
0,0.4577338397502899,0
1,0.4695291221141815,0
1,0.4725377857685089,0
0,0.45752811431884766,0
1,0.45343729853630066,0
1,0.4711550772190094,0
0,0.47204098105430603,0
1,0.4687633812427521,0
0,0.46188828349113464,0
1,0.453270822763443,0
0,0.4612210988998413,0
0,0.46529391407966614,0
0,0.4686708450317383,0
0,0.46639564633369446,0
0,0.47300589084625244,0
0,0.4697139263153076,0
0,0.47002092003822327,0
1,0.4722944498062134,0
0,0.4524514377117157,0
0,0.4733336269855499,0
0,0.46921306848526,0
1,0.4676409959793091,0
0,0.4612963795661926,0
0,0.4717743694782257,0
0,0.47014135122299194,0
0,0.45858192443847656,0
1,0.47106823325157166,0
1,0.46773669123649597,0
1,0.4703851640224457,0
1,0.46966153383255005,0
1,0.4608731269836426,0
0,0.47163406014442444,0
0,0.466793417930603,0
1,0.45589566230773926,0
0,0.461393803358078,0
1,0.4715711772441864,0
0,0.4733375906944275,0
0,0.4661795496940613,0
0,0.4718269109725952,0
0,0.46972498297691345,0
0,0.4686492681503296,0
0,0.4706137776374817,0
1,0.47336792945861816,0
1,0.4696516692638397,0
0,0.4722307026386261,0
1,0.46407660841941833,0
0,0.46473583579063416,0
0,0.47140613198280334,0
0,0.4664658308029175,0
0,0.471922904253006,0
1,0.47283515334129333,0
1,0.47151127457618713,0
1,0.4730766713619232,0
1,0.45664286613464355,0
0,0.46136364340782166,0
1,0.4710918962955475,0
0,0.46331724524497986,0
0,0.4730583727359772,0
0,0.47075599431991577,0
0,0.47398191690444946,0
0,0.4667898714542389,0
0,0.47153136134147644,0
0,0.47020432353019714,0
0,0.47390127182006836,0
0,0.47098782658576965,0
0,0.46705642342567444,0
1,0.46944451332092285,0
0,0.4696989357471466,0
0,0.46933695673942566,0
1,0.46692925691604614,0
0,0.4668825566768646,0
0,0.4716961085796356,0
1,0.46684131026268005,0
1,0.47378918528556824,0
1,0.45467016100883484,0
1,0.46379154920578003,0
0,0.4696057140827179,0
0,0.4704835116863251,0
0,0.46289804577827454,0
1,0.46615859866142273,0
0,0.472010999917984,0
0,0.46518874168395996,0
1,0.47273942828178406,0
0,0.4612114429473877,0
0,0.46860212087631226,0
1,0.4704129993915558,0
1,0.4723173975944519,0
1,0.46955618262290955,0
1,0.45228278636932373,0
0,0.47161954641342163,0
1,0.4735369086265564,0
0,0.45578518509864807,0
0,0.4732205271720886,0
1,0.47308751940727234,0
1,0.46088042855262756,0
1,0.4552066922187805,0
0,0.4710862934589386,0
1,0.4687652289867401,0
1,0.4714750051498413,0
1,0.4651998281478882,0
0,0.4598197638988495,0
1,0.46838805079460144,0
0,0.4681745171546936,0
0,0.4693499505519867,0
0,0.4712509512901306,0
1,0.46654126048088074,0
1,0.46224939823150635,0
0,0.47199109196662903,0
1,0.4706045985221863,0
0,0.4698626399040222,0
0,0.46578970551490784,0
0,0.46334904432296753,0
0,0.4632643759250641,0
1,0.46596699953079224,0
1,0.4710606634616852,0
1,0.46760106086730957,0
0,0.4714691936969757,0
1,0.4720400273799896,0
0,0.45711636543273926,0
1,0.46933481097221375,0
0,0.4595797061920166,0
0,0.47270992398262024,0
1,0.46651479601860046,0
1,0.4652707278728485,0
0,0.46984243392944336,0
1,0.4551672041416168,0
1,0.46772500872612,0
1,0.47308504581451416,0
1,0.4720001220703125,0
1,0.473054438829422,0
1,0.4582601487636566,0
1,0.472792387008667,0
0,0.47245463728904724,0
0,0.47094184160232544,0
0,0.47214457392692566,0
1,0.47020649909973145,0
0,0.46649426221847534,0
0,0.45695289969444275,0
0,0.46032261848449707,0
1,0.4739767909049988,0
0,0.4556678533554077,0
1,0.4532853662967682,0
1,0.46625497937202454,0
1,0.47217094898223877,0
0,0.472842276096344,0
0,0.4707232415676117,0
0,0.4728219211101532,0
1,0.4724087715148926,0
1,0.46879103779792786,0
1,0.4557059109210968,0
0,0.47126832604408264,0
1,0.4595586061477661,0
1,0.47088345885276794,0
1,0.46575307846069336,0
1,0.470503032207489,0
0,0.4721139669418335,0
1,0.4717179238796234,0
0,0.46609270572662354,0
0,0.462364137172699,0
1,0.4696525037288666,0
1,0.4695519804954529,0
1,0.46953603625297546,0
0,0.47116491198539734,0
0,0.46919748187065125,0
0,0.46227526664733887,0
0,0.4723205864429474,0
1,0.4635162055492401,0
0,0.4662996828556061,0
1,0.47357574105262756,0
0,0.47266656160354614,0
0,0.4626908302307129,0
1,0.46924519538879395,0
0,0.46880006790161133,0
0,0.465562641620636,0
1,0.4736391007900238,0
1,0.4643445909023285,0
0,0.47137218713760376,0
1,0.4739517271518707,0
0,0.4636174142360687,0
1,0.4693235754966736,0
0,0.47271811962127686,0
0,0.4702552556991577,0
0,0.4713524281978607,0
0,0.46422532200813293,0
1,0.4650738537311554,0
1,0.46965375542640686,0
1,0.46215716004371643,0
0,0.47291499376296997,0
0,0.4714667499065399,0
1,0.4614724814891815,0
1,0.45532435178756714,0
0,0.469863623380661,0
0,0.46933212876319885,0
0,0.46965306997299194,0
0,0.46498456597328186,0
0,0.46367746591567993,0
0,0.47146353125572205,0
0,0.46546250581741333,0
1,0.4733966886997223,0
0,0.45379355549812317,0
1,0.4700717031955719,0
0,0.4643409848213196,0
0,0.46596983075141907,0
1,0.4687131941318512,0
1,0.4702100157737732,0
1,0.464641809463501,0
1,0.4713582396507263,0
1,0.4657900035381317,0
0,0.4631804823875427,0
0,0.4710763990879059,0
1,0.4627876877784729,0
1,0.45274901390075684,0
0,0.45827516913414,0
1,0.46788984537124634,0
0,0.4567326307296753,0
1,0.4665451645851135,0
1,0.4736537039279938,0
1,0.4651590585708618,0
1,0.4631379246711731,0
1,0.4611927270889282,0
0,0.4678230881690979,0
0,0.4711277186870575,0
1,0.4688536822795868,0
1,0.44940856099128723,0
1,0.46435004472732544,0
0,0.454487681388855,0
0,0.46941107511520386,0
1,0.4693017899990082,0
0,0.4628254175186157,0
0,0.46110543608665466,0
1,0.4555717706680298,0
1,0.4726775288581848,0
1,0.4694688320159912,0
0,0.46436792612075806,0
1,0.46785983443260193,0
0,0.46921399235725403,0
1,0.465225487947464,0
0,0.47061610221862793,0
1,0.46871575713157654,0
0,0.4709286093711853,0
0,0.46142497658729553,0
1,0.469651460647583,0
1,0.46774885058403015,0
1,0.4709167778491974,0
0,0.4727395474910736,0
1,0.46311235427856445,0
1,0.4727165699005127,0
1,0.46961894631385803,0
0,0.45910531282424927,0
0,0.46907752752304077,0
1,0.4734283685684204,0
1,0.4646945297718048,0
1,0.46443966031074524,0
0,0.46442314982414246,0
0,0.46724414825439453,0
1,0.46985894441604614,0
1,0.46783724427223206,0
0,0.4656876027584076,0
0,0.4710274934768677,0
0,0.4711017906665802,0
1,0.4688524007797241,0
0,0.47049468755722046,0
0,0.4626671075820923,0
1,0.4702795743942261,0
1,0.4717980921268463,0
0,0.46232807636260986,0
0,0.46087130904197693,0
0,0.4689534306526184,0
0,0.45312759280204773,0
1,0.470492422580719,0
1,0.4711870551109314,0
0,0.461150199174881,0
1,0.46134746074676514,0
1,0.46472856402397156,0
0,0.473023384809494,0
0,0.47094056010246277,0
0,0.4682052731513977,0
0,0.47274017333984375,0
0,0.46347200870513916,0
1,0.4596092700958252,0
0,0.46965450048446655,0
1,0.47125792503356934,0
0,0.4679107367992401,0
0,0.47221559286117554,0
0,0.46790075302124023,0
0,0.47291624546051025,0
0,0.47253671288490295,0
0,0.4710600972175598,0
0,0.47050777077674866,0
1,0.4696473479270935,0
0,0.4661686420440674,0
0,0.4724290072917938,0
1,0.4656640291213989,0
0,0.45658066868782043,0
0,0.4725145697593689,0
0,0.47003841400146484,0
1,0.4738660454750061,0
1,0.4705076217651367,0
1,0.4729675352573395,0
0,0.4712957441806793,0
0,0.4646940231323242,0
1,0.4636199176311493,0
0,0.47279614210128784,0
0,0.4680562913417816,0
0,0.47074589133262634,0
0,0.47293218970298767,0
0,0.4739692807197571,0
1,0.47245123982429504,0
1,0.4684962034225464,0
1,0.4702743887901306,0
0,0.4624404013156891,0
1,0.47275280952453613,0
1,0.46959802508354187,0
0,0.4531893730163574,0
0,0.47001516819000244,0
1,0.47307759523391724,0
1,0.46798965334892273,0
1,0.46679991483688354,0
0,0.4636159837245941,0
0,0.4732571542263031,0
1,0.45168066024780273,0
0,0.47048884630203247,0
1,0.4692351222038269,0
0,0.4630589783191681,0
1,0.472516268491745,0
0,0.4695480465888977,0
0,0.46968215703964233,0
0,0.4651077389717102,0
1,0.4708685576915741,0
0,0.46208488941192627,0
0,0.47275489568710327,0
0,0.4701620638370514,0
0,0.47369199991226196,0
0,0.45271480083465576,0
0,0.4638923406600952,0
0,0.46208709478378296,0
0,0.47290563583374023,0
0,0.4739420711994171,0
1,0.4714457094669342,0
1,0.46965235471725464,0
1,0.4670490324497223,0
0,0.46489137411117554,0
1,0.4602302312850952,0
1,0.45558395981788635,0
1,0.4701760411262512,0
1,0.47027388215065,0
1,0.4623802602291107,0
0,0.4696289300918579,0
1,0.4708046019077301,0
0,0.47173240780830383,0
1,0.47153258323669434,0
0,0.4697434902191162,0
0,0.47315043210983276,0
0,0.4560870826244354,0
0,0.466485857963562,0
1,0.47230035066604614,0
0,0.4727591574192047,0
1,0.4637918174266815,0
1,0.47223252058029175,0
0,0.45589596033096313,0
0,0.4725896418094635,0
1,0.4733704924583435,0
0,0.46086248755455017,0
1,0.4576060473918915,0
0,0.46430811285972595,0
0,0.4735621511936188,0
1,0.4723306894302368,0
0,0.4571341872215271,0
1,0.4713773727416992,0
1,0.45645809173583984,0
0,0.4726161062717438,0
1,0.47261136770248413,0
0,0.4714779853820801,0
0,0.460484117269516,0
0,0.45751824975013733,0
0,0.47137847542762756,0
0,0.4665781259536743,0
0,0.4688914120197296,0
0,0.47287246584892273,0
1,0.4724811017513275,0
1,0.4726400375366211,0
1,0.45506420731544495,0
0,0.46363112330436707,0
0,0.4630487561225891,0
1,0.47286295890808105,0
0,0.46613872051239014,0
1,0.47264257073402405,0
0,0.47273117303848267,0
0,0.4706383943557739,0
0,0.47275978326797485,0
1,0.4658840596675873,0
0,0.46711108088493347,0
0,0.4697791635990143,0
1,0.47273799777030945,0
1,0.4598330855369568,0
1,0.4642258286476135,0
1,0.4696793258190155,0
0,0.47254881262779236,0
1,0.46456676721572876,0
1,0.46947041153907776,0
1,0.47192147374153137,0
1,0.4696524441242218,0
0,0.4563044607639313,0
0,0.4724544286727905,0
1,0.4635500907897949,0
1,0.47288793325424194,0
0,0.4725693166255951,0
0,0.4638180732727051,0
1,0.4723033905029297,0
0,0.4726622402667999,0
1,0.47268083691596985,0
0,0.4685151278972626,0
0,0.46429187059402466,0
0,0.4654076397418976,0
1,0.4630328118801117,0
1,0.4628030061721802,0
0,0.47242656350135803,0
1,0.4695494472980499,0
1,0.46983641386032104,0
0,0.46864694356918335,0
1,0.4670048952102661,0
0,0.46965283155441284,0
0,0.4722801148891449,0
0,0.4719349443912506,0
0,0.46627384424209595,0
0,0.47254490852355957,0
0,0.4701157510280609,0
0,0.4696466624736786,0
1,0.45856449007987976,0
1,0.4638582766056061,0
1,0.4722934067249298,0
1,0.4698737859725952,0
1,0.47210314869880676,0
1,0.47217562794685364,0
0,0.4522865414619446,0
0,0.4682517349720001,0
0,0.47267454862594604,0
1,0.4660565257072449,0
0,0.47266432642936707,0
0,0.47371548414230347,0
1,0.4657447040081024,0
1,0.4727938771247864,0
1,0.46879565715789795,0
0,0.4705179035663605,0
0,0.4684586226940155,0
0,0.47268688678741455,0
1,0.4703625738620758,0
0,0.46810436248779297,0
0,0.4730359613895416,0
1,0.4731796383857727,0
1,0.4688112735748291,0
1,0.4709010124206543,0
1,0.4719252288341522,0
1,0.4739890396595001,0
1,0.4701198637485504,0
1,0.4683484733104706,0
0,0.4621823728084564,0
0,0.472926527261734,0
0,0.4653799831867218,0
1,0.4653382897377014,0
1,0.464895099401474,0
1,0.4703480303287506,0
0,0.4700498878955841,0
0,0.46971577405929565,0
0,0.47259485721588135,0
0,0.46379560232162476,0
0,0.4616684317588806,0
0,0.4657895863056183,0
1,0.4555550515651703,0
0,0.45237642526626587,0
1,0.46963050961494446,0
0,0.4590465724468231,0
0,0.47176414728164673,0
0,0.4720824062824249,0
0,0.46965882182121277,0
0,0.4701836109161377,0
0,0.46535876393318176,0
1,0.46729329228401184,0
1,0.47195932269096375,0
0,0.4699627161026001,0
0,0.471168577671051,0
0,0.46999889612197876,0
1,0.4729428291320801,0
0,0.47321635484695435,0
1,0.46905773878097534,0
1,0.4719768166542053,0
1,0.47241783142089844,0
1,0.4655963182449341,0
1,0.47054895758628845,0
0,0.4650449752807617,0
1,0.46012362837791443,0
0,0.4688420295715332,0
1,0.4710557460784912,0
0,0.4647652208805084,0
0,0.4645550549030304,0
1,0.4705198109149933,0
0,0.46983495354652405,0
0,0.4698183238506317,0
1,0.469741553068161,0
1,0.47237780690193176,0
0,0.4694103002548218,0
0,0.4676336944103241,0
0,0.45591628551483154,0
0,0.4699614942073822,0
0,0.47295767068862915,0
1,0.47204214334487915,0
1,0.47393640875816345,0
0,0.45572012662887573,0
0,0.4717268943786621,0
1,0.47234994173049927,0
0,0.47113776206970215,0
0,0.46642744541168213,0
1,0.47079476714134216,0
1,0.4708830416202545,0
1,0.4649849236011505,0
1,0.4625675082206726,0
1,0.46765434741973877,0
0,0.45838937163352966,0
0,0.461101233959198,0
1,0.4675789773464203,0
0,0.4728838801383972,0
1,0.46186527609825134,0
1,0.44364213943481445,0
0,0.4633934199810028,0
1,0.4581480920314789,0
1,0.4676203727722168,0
1,0.47371748089790344,0
0,0.472993940114975,0
0,0.473440021276474,0
1,0.46885785460472107,0
1,0.4612387418746948,0
0,0.45378318428993225,0
1,0.4654618203639984,0
1,0.4649861752986908,0
1,0.4600962996482849,0
0,0.47385528683662415,0
1,0.4706568419933319,0
1,0.46097564697265625,0
1,0.4710575044155121,0
1,0.46317270398139954,0
1,0.45619437098503113,0
1,0.4733119606971741,0
0,0.46906980872154236,0
1,0.4738899767398834,0
0,0.4646119475364685,0
1,0.4690176546573639,0
0,0.46515658497810364,0
0,0.472555935382843,0
1,0.4625181257724762,0
1,0.47259849309921265,0
1,0.4619831144809723,0
0,0.4654887318611145,0
1,0.4662630259990692,0
1,0.4579341411590576,0
1,0.47306936979293823,0
0,0.4723363220691681,0
1,0.47032439708709717,0
1,0.4538525640964508,0
1,0.4737471640110016,0
1,0.46781083941459656,0
0,0.4655874967575073,0
1,0.4683606028556824,0
1,0.4702851474285126,0
1,0.4702131450176239,0
1,0.47013962268829346,0
0,0.46964767575263977,0
1,0.4654543399810791,0
1,0.4655047655105591,0
0,0.470501184463501,0
1,0.46709173917770386,0
0,0.4538934528827667,0
0,0.4701938331127167,0
1,0.46142759919166565,0
0,0.46816015243530273,0
1,0.4729478657245636,0
1,0.4673655033111572,0
1,0.4691353440284729,0
0,0.4642800986766815,0
0,0.47239384055137634,0
1,0.4604586958885193,0
1,0.4714237153530121,0
1,0.46117013692855835,0
0,0.46736326813697815,0
0,0.46571511030197144,0
1,0.47038769721984863,0
1,0.4703065752983093,0
0,0.46155473589897156,0
0,0.4726768732070923,0
0,0.46846407651901245,0
1,0.45653313398361206,0
0,0.4660620391368866,0
1,0.47050178050994873,0
0,0.4731951653957367,0
0,0.4719872772693634,0
0,0.4721028208732605,0
1,0.4703962206840515,0
0,0.45298880338668823,0
1,0.4704570770263672,0
0,0.4668053686618805,0
1,0.45704662799835205,0
0,0.4739585816860199,0
1,0.4720175862312317,0
1,0.472123384475708,0
1,0.46002277731895447,0
1,0.47094184160232544,0
1,0.46983253955841064,0
1,0.4587031304836273,0
1,0.4705876111984253,0
1,0.46966660022735596,0
1,0.4702131450176239,0
1,0.4728291630744934,0
0,0.47273650765419006,0
0,0.46965208649635315,0
0,0.4676242172718048,0
1,0.46659472584724426,0
0,0.46537351608276367,0
0,0.4726814031600952,0
0,0.46011486649513245,0
1,0.4732080399990082,0
1,0.4613387882709503,0
1,0.4694211184978485,0
1,0.4731645882129669,0
1,0.4723939895629883,0
1,0.4728413224220276,0
0,0.4726555347442627,0
0,0.4643288552761078,0
1,0.47062012553215027,0
0,0.46198543906211853,0
0,0.46939295530319214,0
0,0.4728679955005646,0
0,0.46083199977874756,0
0,0.4643402397632599,0
1,0.46018457412719727,0
1,0.4648377597332001,0
0,0.4720003306865692,0
0,0.470317006111145,0
1,0.46962904930114746,0
0,0.4685327112674713,0
1,0.4734109938144684,0
1,0.46854323148727417,0
0,0.4730990529060364,0
0,0.4668504595756531,0
1,0.4726777970790863,0
0,0.472919762134552,0
0,0.4727765619754791,0
1,0.4738813042640686,0
1,0.47016945481300354,0
0,0.4714006185531616,0
0,0.4726773500442505,0
1,0.47108983993530273,0
1,0.4721583425998688,0
0,0.46997368335723877,0
1,0.47105854749679565,0
0,0.4548712372779846,0
1,0.467435359954834,0
0,0.47243207693099976,0
1,0.4626993238925934,0
0,0.47182103991508484,0
1,0.46945223212242126,0
0,0.4657953977584839,0
0,0.47235971689224243,0
0,0.4739212095737457,0
1,0.47270622849464417,0
1,0.45602425932884216,0
0,0.47047871351242065,0
0,0.4644947648048401,0
1,0.4557758867740631,0
0,0.46392160654067993,0
0,0.47301122546195984,0
0,0.46158766746520996,0
0,0.46957746148109436,0
0,0.47279101610183716,0
0,0.4677587151527405,0
1,0.46378597617149353,0
1,0.47049105167388916,0
1,0.47149717807769775,0
0,0.4615735411643982,0
1,0.46342214941978455,0
1,0.4613778591156006,0
1,0.4736306667327881,0
0,0.4593336284160614,0
0,0.47104474902153015,0
0,0.4592157006263733,0
0,0.45518943667411804,0
1,0.4596264958381653,0
0,0.46700796484947205,0
0,0.4715138077735901,0
0,0.468101441860199,0
1,0.4704120457172394,0
1,0.4673636257648468,0
1,0.4684602916240692,0
1,0.4630710482597351,0
1,0.47130250930786133,0
0,0.4606677293777466,0
0,0.4652099907398224,0
1,0.4698633849620819,0
0,0.4701228439807892,0
0,0.472722589969635,0
1,0.4706331193447113,0
1,0.46506714820861816,0
0,0.4611317813396454,0
0,0.46048077940940857,0
0,0.4561689794063568,0
0,0.471098393201828,0
0,0.46500009298324585,0
0,0.4555324912071228,0
0,0.4563876688480377,0
1,0.46843278408050537,0
0,0.4595389664173126,0
0,0.46204641461372375,0
0,0.46172821521759033,0
1,0.4696243107318878,0
1,0.46986642479896545,0
0,0.4620436728000641,0
1,0.45240452885627747,0
1,0.4695866107940674,0
0,0.4711720645427704,0
0,0.47362858057022095,0
0,0.47074905037879944,0
0,0.4676365256309509,0
0,0.45503857731819153,0
0,0.4713257849216461,0
0,0.46510785818099976,0
0,0.45729732513427734,0
1,0.47269558906555176,0
1,0.4587273597717285,0
0,0.4715583920478821,0
0,0.4710533320903778,0
0,0.46461716294288635,0
1,0.47029295563697815,0
1,0.4628356397151947,0
1,0.4534786641597748,0
1,0.46739473938941956,0
0,0.47395944595336914,0
1,0.4533478915691376,0
0,0.47114527225494385,0
1,0.467875599861145,0
1,0.4643351435661316,0
1,0.46973708271980286,0
0,0.470136821269989,0
0,0.4617305099964142,0
0,0.47277459502220154,0
1,0.4714997112751007,0
0,0.45829591155052185,0
1,0.4592072069644928,0
0,0.4727326035499573,0
0,0.47119981050491333,0
0,0.4700510501861572,0
0,0.4530744254589081,0
1,0.4543151259422302,0
0,0.47307875752449036,0
1,0.46116864681243896,0
1,0.4670717716217041,0
1,0.45791223645210266,0
0,0.4718018174171448,0
0,0.462693452835083,0
0,0.4596526622772217,0
1,0.47170132398605347,0
0,0.4718289375305176,0
1,0.47165077924728394,0
0,0.4655156135559082,0
0,0.4725096821784973,0
1,0.47241494059562683,0
0,0.4729866683483124,0
0,0.47154948115348816,0
0,0.4720383286476135,0
0,0.47040262818336487,0
1,0.45491278171539307,0
0,0.4622856676578522,0
0,0.47072649002075195,0
1,0.45470958948135376,0
0,0.4606839120388031,0
0,0.4706220328807831,0
0,0.46808889508247375,0
1,0.45641955733299255,0
0,0.4726812541484833,0
1,0.4682992994785309,0
0,0.45992031693458557,0
1,0.47397592663764954,0
1,0.46138274669647217,0
0,0.4652848243713379,0
1,0.46712222695350647,0
0,0.4676338732242584,0
0,0.4622688591480255,0
0,0.4727016091346741,0
1,0.46767541766166687,0
0,0.4737996757030487,0
0,0.46055856347084045,0
0,0.4704427719116211,0
0,0.45767784118652344,0
1,0.4729849696159363,0
1,0.4677460789680481,0
0,0.4735988974571228,0
0,0.4700218737125397,0
1,0.4727729856967926,0
0,0.4703035056591034,0
0,0.46870434284210205,0
1,0.4616720974445343,0
0,0.46376585960388184,0
1,0.4571951925754547,0
1,0.47250956296920776,0
0,0.468929260969162,0
1,0.465839684009552,0
1,0.4685230851173401,0
1,0.46203887462615967,0
1,0.4663008153438568,0
1,0.47391563653945923,0
1,0.46884042024612427,0
1,0.46892285346984863,0
1,0.47314929962158203,0
1,0.47236600518226624,0
0,0.45779454708099365,0
0,0.47396737337112427,0
1,0.4728955924510956,0
0,0.47221922874450684,0
0,0.4550744593143463,0
1,0.4696611166000366,0
1,0.46448931097984314,0
1,0.4537653625011444,0
1,0.46193936467170715,0
0,0.46479690074920654,0
1,0.47074055671691895,0
1,0.46915528178215027,0
1,0.4701472520828247,0
0,0.47388628125190735,0
1,0.47350388765335083,0
1,0.4701281785964966,0
1,0.4713779389858246,0
0,0.47261881828308105,0
1,0.46998319029808044,0
0,0.4709075689315796,0
1,0.46966785192489624,0
1,0.46927008032798767,0
1,0.4611988365650177,0
1,0.45730987191200256,0
0,0.4560118019580841,0
1,0.4700890779495239,0
0,0.47258874773979187,0
0,0.472425639629364,0
1,0.4723781943321228,0
0,0.4632473886013031,0
0,0.4637305736541748,0
0,0.4556782841682434,0
0,0.4719576835632324,0
1,0.4658436179161072,0
1,0.4696524441242218,0
0,0.468833327293396,0
1,0.4645160436630249,0
1,0.46528151631355286,0
1,0.46965354681015015,0
0,0.44686800241470337,0
0,0.4727568030357361,0
1,0.46414050459861755,0
0,0.46416765451431274,0
0,0.46452969312667847,0
1,0.4695417881011963,0
0,0.4555895924568176,0
1,0.47266629338264465,0
0,0.47027361392974854,0
1,0.4718843102455139,0
1,0.4724940359592438,0
0,0.47324758768081665,0
1,0.45868533849716187,0
1,0.4609166383743286,0
0,0.46478068828582764,0
1,0.46057331562042236,0
0,0.46590787172317505,0
1,0.47272664308547974,0
0,0.47054746747016907,0
1,0.46965575218200684,0
0,0.46319296956062317,0
1,0.47166576981544495,0
0,0.473725289106369,0
0,0.46651822328567505,0
1,0.47185108065605164,0
1,0.4737902581691742,0
0,0.46554651856422424,0
1,0.4734620153903961,0
1,0.46841153502464294,0
0,0.4707834720611572,0
1,0.4653225541114807,0
1,0.47299787402153015,0
1,0.47065386176109314,0
0,0.47236961126327515,0
1,0.46965229511260986,0
0,0.4730464816093445,0
1,0.47055643796920776,0
0,0.47141382098197937,0
1,0.4534999430179596,0
0,0.46811309456825256,0
1,0.47123536467552185,0
1,0.46471142768859863,0
1,0.4735449254512787,0
0,0.4550425708293915,0
0,0.4696637690067291,0
1,0.4593016505241394,0
0,0.47358739376068115,0
1,0.47143855690956116,0
1,0.4696623980998993,0
0,0.4699285924434662,0
0,0.46462100744247437,0
1,0.47109469771385193,0
0,0.45647549629211426,0
1,0.46688079833984375,0
1,0.45356231927871704,0
0,0.4647808372974396,0
1,0.4611571431159973,0
0,0.45811930298805237,0
1,0.4718370735645294,0
1,0.44967973232269287,0
1,0.4637448489665985,0
0,0.4714920222759247,0
1,0.4697144627571106,0
0,0.46419793367385864,0
1,0.47065550088882446,0
1,0.4706614315509796,0
0,0.47236737608909607,0
1,0.46040305495262146,0
1,0.4604799747467041,0
1,0.4726466238498688,0
1,0.46755555272102356,0
0,0.4696260094642639,0
0,0.46234452724456787,0
0,0.4713626503944397,0
1,0.4735509753227234,0
1,0.4670587182044983,0
1,0.4728240668773651,0
1,0.4696420431137085,0
0,0.47031331062316895,0
1,0.4521462619304657,0
0,0.47131094336509705,0
1,0.4696558713912964,0
0,0.46577444672584534,0
1,0.46229127049446106,0
0,0.47235584259033203,0
1,0.46079060435295105,0
0,0.4724540114402771,0
1,0.45821595191955566,0
1,0.45684579014778137,0
1,0.4684593081474304,0
0,0.4540484547615051,0
1,0.47178876399993896,0
0,0.454346239566803,0
1,0.4583495855331421,0
1,0.45865267515182495,0
0,0.464540034532547,0
0,0.4471631944179535,0
1,0.46965292096138,0
0,0.4545276165008545,0
0,0.47285038232803345,0
1,0.4634231626987457,0
1,0.4730547070503235,0
1,0.46409422159194946,0
0,0.45992133021354675,0
1,0.46086037158966064,0
1,0.46103426814079285,0
0,0.46889564394950867,0
0,0.45319369435310364,0
1,0.4628867506980896,0
0,0.4555390775203705,0
0,0.47245827317237854,0
1,0.4732988774776459,0
0,0.4604465067386627,0
0,0.47003012895584106,0
0,0.46304890513420105,0
1,0.47298839688301086,0
0,0.47315388917922974,0
0,0.4650842845439911,0
0,0.4689973294734955,0
0,0.47273027896881104,0
1,0.4708745777606964,0
0,0.4688418209552765,0
1,0.4714362323284149,0
1,0.4651777446269989,0
1,0.472737193107605,0
0,0.46929436922073364,0
1,0.47049447894096375,0
1,0.4734521508216858,0
1,0.46475324034690857,0
1,0.4726632535457611,0
0,0.47326141595840454,0
1,0.4710611402988434,0
1,0.45955848693847656,0
0,0.47274935245513916,0
1,0.47077256441116333,0
0,0.4726784825325012,0
0,0.4699721336364746,0
1,0.4676574766635895,0
1,0.4674142003059387,0
0,0.4644271731376648,0
1,0.46718090772628784,0
0,0.47245901823043823,0
1,0.471108078956604,0
1,0.46541592478752136,0
0,0.4728851020336151,0
1,0.4627012014389038,0
0,0.4719054400920868,0
1,0.4616256654262543,0
0,0.4605999290943146,0
0,0.4611700177192688,0
0,0.4599281847476959,0
1,0.46669629216194153,0
1,0.45436105132102966,0
1,0.45777401328086853,0
1,0.47391489148139954,0
1,0.46560847759246826,0
1,0.470914751291275,0
0,0.46964073181152344,0
1,0.46716102957725525,0
0,0.47327589988708496,0
1,0.47274208068847656,0
1,0.47390830516815186,0
0,0.463622123003006,0
0,0.46573778986930847,0
1,0.46172913908958435,0
0,0.4712965488433838,0
0,0.47210589051246643,0
0,0.46631237864494324,0
0,0.4705430567264557,0
1,0.4668762683868408,0
1,0.4701317548751831,0
1,0.4592699706554413,0
1,0.46375057101249695,0
0,0.46010324358940125,0
0,0.4699555039405823,0
1,0.47268104553222656,0
1,0.4699382781982422,0
1,0.4538528621196747,0
1,0.4592794179916382,0
1,0.4663753807544708,0
0,0.473960816860199,0
0,0.4649779796600342,0
1,0.4690130650997162,0
1,0.4673912823200226,0
0,0.4700096547603607,0
1,0.459863543510437,0
0,0.47290173172950745,0
0,0.47087520360946655,0
0,0.46447792649269104,0
0,0.4624558985233307,0
1,0.469658225774765,0
1,0.46369317173957825,0
0,0.472854346036911,0
1,0.4611867070198059,0
1,0.4701070487499237,0
0,0.45614540576934814,0
1,0.46443137526512146,0
0,0.47132885456085205,0
0,0.4660946726799011,0
0,0.46308425068855286,0
0,0.4704259932041168,0
0,0.4689326286315918,0
1,0.4550569951534271,0
1,0.4676448702812195,0
1,0.47048497200012207,0
1,0.4702599048614502,0
0,0.47083884477615356,0
0,0.4640271067619324,0
1,0.4650307595729828,0
1,0.47263607382774353,0
0,0.47242501378059387,0
0,0.47060471773147583,0
1,0.4730181396007538,0
1,0.4685327708721161,0
0,0.4682919979095459,0
1,0.46270492672920227,0
0,0.4617432653903961,0
0,0.4687590003013611,0
0,0.45950135588645935,0
1,0.4727383553981781,0
0,0.468905508518219,0
0,0.45418086647987366,0
0,0.4609300494194031,0
0,0.47405895590782166,0
1,0.4696977436542511,0
0,0.46606144309043884,0
0,0.4689130187034607,0
1,0.4692491292953491,0
1,0.46852749586105347,0
1,0.4736812114715576,0
0,0.4643402397632599,0
0,0.4692378342151642,0
1,0.46856626868247986,0
0,0.4696800112724304,0
1,0.47345876693725586,0
1,0.45752933621406555,0
1,0.4698667526245117,0
1,0.45208728313446045,0
1,0.4623725116252899,0
1,0.4724295139312744,0
1,0.46290066838264465,0
1,0.47052156925201416,0
1,0.4725121855735779,0
0,0.4712536036968231,0
1,0.46846920251846313,0
0,0.47382205724716187,0
0,0.47259700298309326,0
1,0.46817442774772644,0
1,0.47004929184913635,0
1,0.4705137014389038,0
1,0.4710322618484497,0
0,0.47156989574432373,0
1,0.47272345423698425,0
0,0.45467305183410645,0
0,0.469652384519577,0
1,0.4540003538131714,0
0,0.4577384293079376,0
0,0.4603365957736969,0
1,0.4729197919368744,0
1,0.46606096625328064,0
1,0.47015973925590515,0
0,0.4647546708583832,0
0,0.47084158658981323,0
1,0.47267016768455505,0
0,0.467166930437088,0
0,0.4691358208656311,0
1,0.4723292589187622,0
0,0.45777809619903564,0
1,0.4701964855194092,0
1,0.47209006547927856,0
0,0.4626252055168152,0
0,0.4724430441856384,0
0,0.4698071777820587,0
1,0.47233104705810547,0
0,0.46232420206069946,0
0,0.4735577702522278,0
0,0.46894121170043945,0
1,0.4541794955730438,0
1,0.4638276994228363,0
1,0.4697332978248596,0
1,0.45260128378868103,0
0,0.4734068810939789,0
0,0.4724692404270172,0
1,0.4623672068119049,0
1,0.46979033946990967,0
1,0.45584216713905334,0
1,0.46965092420578003,0
1,0.4739432632923126,0
1,0.4707566797733307,0
0,0.4541468024253845,0
0,0.4702802002429962,0
0,0.47003576159477234,0
0,0.47132885456085205,0
1,0.46840783953666687,0
1,0.4693027436733246,0
1,0.44961175322532654,0
0,0.47125205397605896,0
0,0.4729374945163727,0
0,0.4718209207057953,0
1,0.4696404039859772,0
0,0.4700722098350525,0
0,0.4674678146839142,0
1,0.46582892537117004,0
0,0.47211024165153503,0
1,0.47397345304489136,0
0,0.4707017242908478,0
1,0.4529488980770111,0
0,0.4645146131515503,0
0,0.4726146161556244,0
0,0.4703613221645355,0
0,0.47270092368125916,0
1,0.46809741854667664,0
1,0.4714681804180145,0
0,0.46091800928115845,0
1,0.4727121591567993,0
0,0.47271642088890076,0
0,0.46965107321739197,0
1,0.46667051315307617,0
1,0.4702340066432953,0
1,0.4682750403881073,0
0,0.4726755917072296,0
0,0.4705028831958771,0
0,0.4696505069732666,0
1,0.4659094214439392,0
1,0.4727764129638672,0
1,0.46107304096221924,0
0,0.47295767068862915,0
1,0.47099798917770386,0
1,0.4727318584918976,0
1,0.4704199731349945,0
1,0.47264471650123596,0
0,0.46940746903419495,0
1,0.47124865651130676,0
1,0.4727623462677002,0
1,0.45956745743751526,0
1,0.4603925347328186,0
1,0.4646156132221222,0
0,0.4728562533855438,0
1,0.4609675407409668,0
0,0.44990721344947815,0
0,0.4708881676197052,0
1,0.46971845626831055,0
0,0.47265973687171936,0
1,0.47190117835998535,0
0,0.46843382716178894,0
1,0.46659520268440247,0
0,0.4725278317928314,0
0,0.45183736085891724,0
1,0.4733700752258301,0
0,0.4707452058792114,0
0,0.4620743691921234,0
1,0.47043728828430176,0
1,0.4728630781173706,0
1,0.45903220772743225,0
0,0.46523502469062805,0
0,0.45868122577667236,0
1,0.46738430857658386,0
0,0.468671053647995,0
0,0.45420604944229126,0
1,0.47048017382621765,0
1,0.4591203033924103,0
0,0.4687443673610687,0
0,0.46300801634788513,0
1,0.47073113918304443,0
1,0.46980878710746765,0
1,0.4574722349643707,0
1,0.4719008207321167,0
0,0.47243356704711914,0
1,0.472480833530426,0
0,0.47304460406303406,0
0,0.4727488160133362,0
0,0.4727514684200287,0
1,0.4539850056171417,0
0,0.4703555107116699,0
1,0.4644075334072113,0
0,0.4664513170719147,0
1,0.4660404622554779,0
1,0.4659261107444763,0
0,0.4702325463294983,0
0,0.4679662585258484,0
1,0.472930371761322,0
0,0.456733763217926,0
0,0.4533676505088806,0
1,0.45373865962028503,0
1,0.4640272855758667,0
1,0.47069692611694336,0
0,0.47349023818969727,0
1,0.4717365503311157,0
0,0.4715031087398529,0
0,0.4750756323337555,0
1,0.47387444972991943,0
1,0.46484655141830444,0
1,0.470359742641449,0
1,0.4556398093700409,0
1,0.46171775460243225,0
0,0.46110600233078003,0
1,0.4697542190551758,0
1,0.46510088443756104,0
0,0.47255146503448486,0
0,0.45459234714508057,0
0,0.47256195545196533,0
0,0.4641796946525574,0
1,0.46653711795806885,0
1,0.4720054864883423,0
1,0.45680171251296997,0
0,0.47300317883491516,0
0,0.47104257345199585,0
0,0.472684770822525,0
1,0.46109119057655334,0
0,0.4707728922367096,0
1,0.465903639793396,0
1,0.4639580249786377,0
0,0.4685683250427246,0
0,0.4616829752922058,0
1,0.46605703234672546,0
0,0.47322991490364075,0
0,0.47202906012535095,0
1,0.4729727506637573,0
0,0.47284650802612305,0
0,0.47122901678085327,0
1,0.47391626238822937,0
1,0.47002944350242615,0
1,0.4704969525337219,0
1,0.46753811836242676,0
0,0.473940908908844,0
0,0.47275999188423157,0
0,0.45507633686065674,0
1,0.4693033695220947,0
1,0.4737512469291687,0
0,0.47314023971557617,0
0,0.46460598707199097,0
1,0.45910507440567017,0
0,0.47011467814445496,0
0,0.4712132513523102,0
1,0.46062684059143066,0
1,0.4687814712524414,0
0,0.47293058037757874,0
1,0.45655885338783264,0
0,0.4731898307800293,0
0,0.4628780782222748,0
0,0.46316254138946533,0
1,0.47114408016204834,0
0,0.4655059576034546,0
0,0.4741891324520111,0
1,0.4656035602092743,0
1,0.47062045335769653,0
0,0.470868855714798,0
1,0.4566125273704529,0
0,0.47216036915779114,0
0,0.45488297939300537,0
0,0.4712221026420593,0
1,0.4610428214073181,0
1,0.454403281211853,0
0,0.4696834683418274,0
0,0.4695150852203369,0
1,0.46000581979751587,0
1,0.46144232153892517,0
1,0.47279852628707886,0
0,0.47343382239341736,0
1,0.47325843572616577,0
1,0.47200697660446167,0
0,0.46801409125328064,0
1,0.4696655869483948,0
1,0.47057613730430603,0
0,0.47259533405303955,0
0,0.4666026830673218,0
1,0.4734002947807312,0
1,0.46574532985687256,0
0,0.4718542695045471,0
0,0.47270667552948,0
1,0.46999847888946533,0
1,0.46622616052627563,0
1,0.4721338450908661,0
1,0.4728161096572876,0
0,0.4731888175010681,0
1,0.4719473719596863,0
1,0.464694619178772,0
0,0.4655088484287262,0
1,0.45588287711143494,0
0,0.4630013108253479,0
0,0.47289857268333435,0
0,0.46146678924560547,0
0,0.46957194805145264,0
0,0.46177664399147034,0
0,0.47287455201148987,0
0,0.47304290533065796,0
1,0.457809180021286,0
1,0.47276371717453003,0
1,0.470873087644577,0
0,0.47397202253341675,0
0,0.4681856632232666,0
1,0.46428969502449036,0
1,0.4706425070762634,0
1,0.4739096164703369,0
1,0.4534284174442291,0
1,0.465970516204834,0
0,0.47115397453308105,0
1,0.47406554222106934,0
1,0.466096967458725,0
1,0.4701230525970459,0
1,0.47300630807876587,0
1,0.4602046310901642,0
1,0.4726773202419281,0
1,0.45994800329208374,0
0,0.46988189220428467,0
1,0.45820438861846924,0
1,0.47012242674827576,0
0,0.4532073140144348,0
1,0.46951398253440857,0
1,0.46758878231048584,0
0,0.4726850986480713,0
0,0.471782386302948,0
0,0.47204363346099854,0
1,0.4719803035259247,0
0,0.45835456252098083,0
1,0.46537062525749207,0
1,0.46308085322380066,0
1,0.4724140465259552,0
0,0.4535650610923767,0
0,0.46849024295806885,0
0,0.4733363687992096,0
0,0.4691859781742096,0
1,0.47275078296661377,0
1,0.4682717025279999,0
0,0.4601515531539917,0
1,0.4702453017234802,0
1,0.4698234796524048,0
1,0.45463889837265015,0
1,0.47055697441101074,0
0,0.4544137716293335,0
0,0.46955281496047974,0
0,0.46464306116104126,0
1,0.4643285572528839,0
1,0.4698852300643921,0
1,0.4710724651813507,0
1,0.47129276394844055,0
0,0.47269243001937866,0
1,0.46680253744125366,0
1,0.47241249680519104,0
1,0.4725918769836426,0
1,0.469441294670105,0
0,0.47383809089660645,0
1,0.47048652172088623,0
1,0.4711482524871826,0
0,0.46198534965515137,0
1,0.4708891808986664,0
1,0.45905300974845886,0
0,0.45757943391799927,0
0,0.47316884994506836,0
1,0.4727783799171448,0
0,0.4653410017490387,0
1,0.46972402930259705,0
1,0.45684874057769775,0
1,0.4727254807949066,0
1,0.46887457370758057,0
1,0.4665982723236084,0
1,0.4650063216686249,0
0,0.4727509319782257,0
0,0.46087050437927246,0
1,0.4688403606414795,0
0,0.45536190271377563,0
0,0.468099981546402,0
1,0.4611797034740448,0
1,0.4671592116355896,0
0,0.46113336086273193,0
1,0.47038736939430237,0
1,0.4654339849948883,0
1,0.4727379381656647,0
1,0.47079551219940186,0
0,0.47118476033210754,0
1,0.4730744957923889,0
1,0.4629024863243103,0
1,0.45698487758636475,0
0,0.4705764055252075,0
0,0.4708516299724579,0
0,0.470384418964386,0
0,0.4689979553222656,0
1,0.47319266200065613,0
0,0.4743405282497406,0
1,0.47268083691596985,0
0,0.4717201590538025,0
1,0.4609262943267822,0
1,0.4713309109210968,0
0,0.4686840772628784,0
0,0.4691009223461151,0
0,0.46129027009010315,0
0,0.4652118980884552,0
0,0.46773862838745117,0
0,0.4678133428096771,0
1,0.4698299467563629,0
0,0.47392579913139343,0
0,0.4734709560871124,0
0,0.4707958400249481,0
0,0.46383577585220337,0
0,0.4666910767555237,0
1,0.47260594367980957,0
0,0.47391968965530396,0
0,0.47129976749420166,0
0,0.4725358784198761,0
0,0.47148582339286804,0
0,0.46970537304878235,0
0,0.4701825678348541,0
0,0.46965450048446655,0
1,0.4708808660507202,0
1,0.45793023705482483,0
0,0.46870100498199463,0
0,0.46870970726013184,0
1,0.4739687442779541,0
0,0.4607516825199127,0
0,0.4710378348827362,0
1,0.46252965927124023,0
0,0.47113892436027527,0
1,0.46749573945999146,0
1,0.46808958053588867,0
0,0.4683496057987213,0
0,0.4724404811859131,0
1,0.4608621895313263,0
1,0.47065603733062744,0
1,0.4693215787410736,0
1,0.4730267822742462,0
0,0.4728356897830963,0
1,0.46886447072029114,0
0,0.4737934470176697,0
0,0.4698503315448761,0
1,0.4665839374065399,0
0,0.4611395597457886,0
0,0.46825987100601196,0
0,0.4740324020385742,0
0,0.46492138504981995,0
1,0.46977612376213074,0
1,0.4705527424812317,0
1,0.47368955612182617,0
1,0.458465576171875,0
0,0.4730605185031891,0
0,0.46963587403297424,0
0,0.46843841671943665,0
1,0.47268497943878174,0
0,0.47307124733924866,0
0,0.4634307324886322,0
0,0.4613996744155884,0
0,0.46966269612312317,0
0,0.47041723132133484,0
1,0.4646517038345337,0
1,0.45628300309181213,0
0,0.4547942876815796,0
0,0.46996167302131653,0
1,0.47308143973350525,0
1,0.4613061547279358,0
0,0.4697093069553375,0
1,0.46984609961509705,0
1,0.47007495164871216,0
0,0.4684334993362427,0
0,0.45651909708976746,0
0,0.46431025862693787,0
1,0.4734465181827545,0
0,0.47141698002815247,0
0,0.4519178867340088,0
1,0.471916526556015,0
0,0.47243282198905945,0
0,0.46788519620895386,0
0,0.4677947759628296,0
1,0.4693242609500885,0
1,0.47035330533981323,0
0,0.472533643245697,0
1,0.4654349088668823,0
1,0.4723813235759735,0
0,0.4658586084842682,0
1,0.46634384989738464,0
0,0.46495169401168823,0
1,0.4703943431377411,0
1,0.4696809649467468,0
0,0.47271236777305603,0
0,0.47339433431625366,0
1,0.473064661026001,0
0,0.4645051062107086,0
1,0.46532854437828064,0
0,0.46294745802879333,0
0,0.46914198994636536,0
1,0.47130945324897766,0
1,0.47280293703079224,0
0,0.47312086820602417,0
1,0.47114798426628113,0
0,0.47249945998191833,0
1,0.45873862504959106,0
1,0.4656873047351837,0
1,0.45436838269233704,0
1,0.4708854556083679,0
0,0.470180869102478,0
0,0.4535042643547058,0
0,0.4695027768611908,0
1,0.4702874720096588,0
0,0.47041791677474976,0
0,0.4701789915561676,0
0,0.4726780652999878,0
1,0.47268620133399963,0
1,0.46367326378822327,0
0,0.4696577489376068,0
0,0.4662279486656189,0
0,0.46103131771087646,0
0,0.4678860902786255,0
0,0.46239998936653137,0
0,0.47141629457473755,0
0,0.46458107233047485,0
0,0.47395601868629456,0
0,0.4715888798236847,0
0,0.4589710235595703,0
1,0.47268232703208923,0
1,0.4685303270816803,0
1,0.46967190504074097,0
0,0.4672009348869324,0
0,0.45765113830566406,0
0,0.4485286474227905,0
0,0.47099313139915466,0
1,0.4726662337779999,0
0,0.4575622081756592,0
1,0.46968674659729004,0
1,0.45529863238334656,0
1,0.46939927339553833,0
0,0.47146230936050415,0
0,0.46731245517730713,0
0,0.4700595736503601,0
1,0.45658978819847107,0
1,0.4698408544063568,0
0,0.46037089824676514,0
1,0.46614938974380493,0
1,0.46291404962539673,0
1,0.46853747963905334,0
0,0.468843936920166,0
1,0.45680102705955505,0
0,0.47193995118141174,0
0,0.4727077782154083,0
1,0.46946829557418823,0
0,0.453555166721344,0
1,0.4671936631202698,0
0,0.4669898748397827,0
0,0.46511492133140564,0
1,0.4733721911907196,0
0,0.4666592478752136,0
0,0.4697840213775635,0
1,0.45648929476737976,0
0,0.469094455242157,0
1,0.47073549032211304,0
0,0.47028008103370667,0
1,0.47054094076156616,0
1,0.46436572074890137,0
1,0.46497970819473267,0
1,0.47335681319236755,0
0,0.47305938601493835,0
1,0.45778849720954895,0
1,0.4620230197906494,0
1,0.4618578255176544,0
1,0.47388938069343567,0
0,0.4724240005016327,0
1,0.45728743076324463,0
1,0.4722415506839752,0
0,0.46811166405677795,0
1,0.4720880389213562,0
0,0.4581957757472992,0
0,0.4737805128097534,0
1,0.46106529235839844,0
1,0.4554719030857086,0
0,0.4704233407974243,0
0,0.47020629048347473,0
1,0.47396552562713623,0
1,0.4646591544151306,0
0,0.46143659949302673,0
0,0.47279495000839233,0
1,0.46243879199028015,0
1,0.4726651608943939,0
1,0.46540743112564087,0
1,0.47308090329170227,0
1,0.4677944481372833,0
1,0.47130295634269714,0
0,0.4725450277328491,0
1,0.46965518593788147,0
1,0.4634590148925781,0
0,0.46371981501579285,0
0,0.46224841475486755,0
1,0.4725835621356964,0
1,0.4696156978607178,0
0,0.4585864841938019,0
0,0.47305017709732056,0
1,0.45639103651046753,0
0,0.4554096758365631,0
1,0.4657513201236725,0
1,0.4727184474468231,0
0,0.4570537805557251,0
0,0.4718867540359497,0
0,0.45101070404052734,0
0,0.4727553725242615,0
0,0.4724831283092499,0
0,0.4637971818447113,0
1,0.455188125371933,0
1,0.46743661165237427,0
1,0.4726775288581848,0
1,0.4532296359539032,0
0,0.47286882996559143,0
0,0.4735146760940552,0
1,0.4694586992263794,0
0,0.4654545485973358,0
0,0.4679057002067566,0
0,0.46963608264923096,0
0,0.46433210372924805,0
0,0.4667465388774872,0
1,0.473442405462265,0
0,0.4707449972629547,0
0,0.46681731939315796,0
1,0.46778401732444763,0
0,0.4706186354160309,0
0,0.4722205102443695,0
0,0.4680285155773163,0
1,0.462985634803772,0
1,0.4571956396102905,0
0,0.46724939346313477,0
1,0.4594668745994568,0
0,0.4730921983718872,0
0,0.4622805714607239,0
0,0.4651416838169098,0
0,0.46085935831069946,0
1,0.4603128135204315,0
1,0.4702044427394867,0
1,0.46716389060020447,0
1,0.4722001254558563,0
0,0.46199628710746765,0
0,0.4675627052783966,0
0,0.4580754339694977,0
0,0.4625928997993469,0
0,0.457756370306015,0
1,0.46906739473342896,0
0,0.47274112701416016,0
0,0.4597828686237335,0
0,0.4700477123260498,0
0,0.47295746207237244,0
1,0.4577361047267914,0
0,0.470565527677536,0
0,0.45537105202674866,0
1,0.46692782640457153,0
1,0.4672101140022278,0
0,0.4671892821788788,0
0,0.4733286201953888,0
1,0.4718724191188812,0
1,0.46965840458869934,0
1,0.46790215373039246,0
0,0.47256723046302795,0
0,0.4560886025428772,0
0,0.4605642259120941,0
1,0.47290951013565063,0
1,0.46634674072265625,0
0,0.47276169061660767,0
1,0.4682309329509735,0
1,0.47015145421028137,0
0,0.47288909554481506,0
1,0.46867653727531433,0
1,0.4713626801967621,0
0,0.4608169198036194,0
0,0.47336187958717346,0
1,0.4711197316646576,0
0,0.4635351300239563,0
1,0.4720354378223419,0
1,0.46614745259284973,0
0,0.47254833579063416,0
1,0.4728895127773285,0
1,0.4710215926170349,0
0,0.4733668565750122,0
0,0.46610504388809204,0
0,0.4720628559589386,0
1,0.4565829038619995,0
0,0.4701804518699646,0
1,0.4728474020957947,0
1,0.46120932698249817,0
1,0.47098973393440247,0
0,0.47234582901000977,0
0,0.4665990471839905,0
0,0.4703698456287384,0
0,0.4723162055015564,0
1,0.470668226480484,0
1,0.4672032296657562,0
1,0.46922701597213745,0
1,0.4667156934738159,0
1,0.4732498526573181,0
0,0.4706585109233856,0
0,0.46774864196777344,0
0,0.4651075303554535,0
1,0.46526676416397095,0
0,0.47273001074790955,0
0,0.4597109258174896,0
0,0.47393861413002014,0
0,0.465276300907135,0
0,0.458108514547348,0
1,0.4672621488571167,0
0,0.4574945271015167,0
1,0.4547005295753479,0
0,0.4724139869213104,0
0,0.4601479768753052,0
1,0.4692683517932892,0
0,0.47149643301963806,0
1,0.47080761194229126,0
1,0.47284096479415894,0
0,0.4701041877269745,0
1,0.46461644768714905,0
0,0.4731948971748352,0
1,0.4630451798439026,0
1,0.45397046208381653,0
1,0.4556421935558319,0
0,0.4645608067512512,0
0,0.4648725390434265,0
1,0.4709494411945343,0
1,0.4622720777988434,0
0,0.47027134895324707,0
0,0.47056469321250916,0
0,0.46262291073799133,0
0,0.4677138030529022,0
0,0.4738835096359253,0
1,0.4736520051956177,0
1,0.4695751965045929,0
1,0.47316157817840576,0
1,0.46965932846069336,0
1,0.46980196237564087,0
0,0.4617445766925812,0
0,0.4552224576473236,0
1,0.46600115299224854,0
1,0.4724116027355194,0
1,0.46966177225112915,0
1,0.4697684943675995,0
0,0.47048625349998474,0
1,0.47219374775886536,0
0,0.4522121548652649,0
0,0.4661821722984314,0
0,0.4726491868495941,0
1,0.4702029526233673,0
0,0.453449547290802,0
0,0.47259533405303955,0
1,0.47380560636520386,0
1,0.47257548570632935,0
0,0.4699903726577759,0
1,0.47199293971061707,0
1,0.4720417559146881,0
0,0.4591379761695862,0
0,0.46762749552726746,0
1,0.4660045802593231,0
1,0.4646555185317993,0
1,0.47378361225128174,0
1,0.46765580773353577,0
0,0.47059905529022217,0
0,0.4728618562221527,0
1,0.47264161705970764,0
0,0.4709514379501343,0
0,0.4675612449645996,0
0,0.4719504714012146,0
0,0.47167399525642395,0
0,0.470967173576355,0
0,0.472886323928833,0
1,0.47096773982048035,0
0,0.4655395448207855,0
0,0.45394325256347656,0
1,0.4629860818386078,0
1,0.46894949674606323,0
1,0.47255077958106995,0
0,0.4727518856525421,0
0,0.4730720818042755,0
1,0.4710690975189209,0
0,0.45592570304870605,0
1,0.4720035195350647,0
0,0.47049856185913086,0
0,0.46080678701400757,0
0,0.45812201499938965,0
1,0.46095022559165955,0
0,0.4738740622997284,0
0,0.4605857729911804,0
0,0.46968016028404236,0
0,0.46834391355514526,0
1,0.4702497720718384,0
1,0.4532138705253601,0
0,0.46726876497268677,0
1,0.4614054560661316,0
1,0.4727676808834076,0
1,0.466739684343338,0
1,0.46166878938674927,0
1,0.4703553020954132,0
1,0.4693613350391388,0
0,0.47130030393600464,0
0,0.47267454862594604,0
0,0.4721013307571411,0
0,0.47150808572769165,0
1,0.46856287121772766,0
1,0.4736647307872772,0
1,0.4556986689567566,0
1,0.47129955887794495,0
0,0.46964389085769653,0
1,0.4704678952693939,0
1,0.4693015217781067,0
1,0.4655480682849884,0
0,0.4671477675437927,0
1,0.47016534209251404,0
0,0.46862903237342834,0
1,0.47150570154190063,0
1,0.47277918457984924,0
1,0.4736117124557495,0
0,0.4697873890399933,0
1,0.46962401270866394,0
1,0.4603597819805145,0
1,0.45786795020103455,0
1,0.4568776488304138,0
0,0.4702320098876953,0
1,0.47396349906921387,0
1,0.47008049488067627,0
0,0.46472087502479553,0
0,0.46978116035461426,0
0,0.4705254137516022,0
1,0.4702566862106323,0
0,0.4653916358947754,0
0,0.4677537679672241,0
1,0.4656085669994354,0
0,0.4670144021511078,0
0,0.463666707277298,0
0,0.4734799265861511,0
1,0.4700264036655426,0
0,0.4696558713912964,0
0,0.46984875202178955,0
1,0.4621686041355133,0
1,0.45495620369911194,0
1,0.46235236525535583,0
0,0.454792320728302,0
1,0.4623379409313202,0
0,0.45808714628219604,0
0,0.461180716753006,0
0,0.47132954001426697,0
1,0.45519477128982544,0
1,0.4673735797405243,0
0,0.46940886974334717,0
1,0.47230371832847595,0
0,0.4730185866355896,0
0,0.47030022740364075,0
1,0.462807297706604,0
0,0.46073809266090393,0
1,0.4607689380645752,0
1,0.4723704755306244,0
0,0.4603217840194702,0
1,0.46073096990585327,0
0,0.47129446268081665,0
0,0.4530141055583954,0
1,0.46433091163635254,0
0,0.4703235328197479,0
1,0.4726470410823822,0
0,0.4680425524711609,0
0,0.4669937193393707,0
1,0.46948522329330444,0
0,0.4734126925468445,0
0,0.47094160318374634,0
1,0.4700901210308075,0
1,0.4613335132598877,0
0,0.4536582827568054,0
0,0.4696519374847412,0
0,0.4699706733226776,0
0,0.4680040776729584,0
0,0.4701288044452667,0
0,0.47397175431251526,0
1,0.4736820459365845,0
0,0.46305638551712036,0
0,0.4726742208003998,0
1,0.46775752305984497,0
1,0.4610460698604584,0
0,0.46382084488868713,0
0,0.46753478050231934,0
1,0.4726094603538513,0
0,0.4710955321788788,0
0,0.47116348147392273,0
0,0.47352108359336853,0
0,0.47210216522216797,0
0,0.4554784297943115,0
0,0.4641164541244507,0
0,0.46166446805000305,0
0,0.45919764041900635,0
0,0.46190550923347473,0
1,0.472311794757843,0
0,0.45994195342063904,0
0,0.47026047110557556,0
1,0.4556158781051636,0
0,0.471994012594223,0
1,0.4735163748264313,0
0,0.4606780409812927,0
0,0.4703226089477539,0
1,0.47087258100509644,0
0,0.46652352809906006,0
0,0.46819955110549927,0
1,0.4711954593658447,0
0,0.4684418737888336,0
1,0.46626317501068115,0
1,0.46433836221694946,0
0,0.47081518173217773,0
0,0.47231173515319824,0
1,0.4698864221572876,0
1,0.4726184010505676,0
0,0.47048845887184143,0
1,0.45469045639038086,0
0,0.4719659686088562,0
1,0.47300589084625244,0
0,0.4546205699443817,0
0,0.4583459794521332,0
0,0.456669420003891,0
1,0.4696389436721802,0
0,0.471656858921051,0
0,0.4599185883998871,0
0,0.46859291195869446,0
1,0.4696430265903473,0
1,0.4701743423938751,0
1,0.47264397144317627,0
0,0.4528701603412628,0
1,0.4727981388568878,0
1,0.46449044346809387,0
1,0.4606517255306244,0
0,0.470644474029541,0
0,0.47375771403312683,0
0,0.4649796187877655,0
1,0.47333502769470215,0
0,0.4607812762260437,0
0,0.46539443731307983,0
1,0.46557947993278503,0
0,0.4686603546142578,0
1,0.4619976580142975,0
0,0.47123315930366516,0
1,0.4703555703163147,0
1,0.4665831923484802,0
1,0.4713262617588043,0
0,0.4726017415523529,0
0,0.47072237730026245,0
0,0.4661884605884552,0
0,0.46876102685928345,0
0,0.4672054350376129,0
0,0.46295061707496643,0
1,0.45120060443878174,0
1,0.4672987163066864,0
1,0.47274935245513916,0
0,0.4718654155731201,0
0,0.46065229177474976,0
0,0.47079211473464966,0
1,0.4688057601451874,0
0,0.47061219811439514,0
1,0.46059325337409973,0
0,0.46329253911972046,0
0,0.47266995906829834,0
0,0.4721980690956116,0
0,0.45222532749176025,0
0,0.4721444845199585,0
0,0.47086644172668457,0
0,0.47238004207611084,0
0,0.46613457798957825,0
0,0.4624041020870209,0
0,0.470246821641922,0
0,0.46471378207206726,0
1,0.4732894003391266,0
1,0.46655622124671936,0
1,0.4656844735145569,0
1,0.4643241763114929,0
0,0.4545133709907532,0
1,0.46023473143577576,0
1,0.47267869114875793,0
0,0.4669544994831085,0
0,0.4725622832775116,0
1,0.47240570187568665,0
1,0.4607946574687958,0
0,0.4696933627128601,0
0,0.4661603569984436,0
1,0.4726247787475586,0
1,0.4699675142765045,0
1,0.47327253222465515,0
0,0.46971461176872253,0
0,0.4708772301673889,0
1,0.4578179717063904,0
0,0.45319369435310364,0
0,0.4725256562232971,0
1,0.45857641100883484,0
0,0.4663562774658203,0
1,0.4678097367286682,0
0,0.46744707226753235,0
1,0.4600726068019867,0
0,0.4698430597782135,0
1,0.46510398387908936,0
0,0.46965575218200684,0
1,0.46047326922416687,0
1,0.4675599932670593,0
1,0.46462950110435486,0
1,0.47079381346702576,0
0,0.4731307327747345,0
0,0.47004926204681396,0
1,0.4659113585948944,0
1,0.469416081905365,0
0,0.4729437530040741,0
1,0.4695516526699066,0
0,0.4707990884780884,0
0,0.4705082178115845,0
0,0.4624321460723877,0
1,0.47272801399230957,0
1,0.4591233730316162,0
0,0.46887171268463135,0
0,0.467745840549469,0
1,0.4650789797306061,0
1,0.46369120478630066,0
0,0.46668359637260437,0
0,0.456199586391449,0
1,0.46862515807151794,0
1,0.4537740647792816,0
1,0.46395426988601685,0
0,0.4544133245944977,0
0,0.46988800168037415,0
1,0.4622241258621216,0
1,0.46898558735847473,0
0,0.45556211471557617,0
1,0.46618035435676575,0
1,0.46515515446662903,0
0,0.4698631763458252,0
0,0.4688687026500702,0
1,0.4545641243457794,0
1,0.45287787914276123,0
1,0.47251585125923157,0
1,0.4716590940952301,0
1,0.45674848556518555,0
1,0.47232696413993835,0
1,0.47030362486839294,0
1,0.4727458357810974,0
0,0.47106316685676575,0
1,0.4664119780063629,0
1,0.465274453163147,0
0,0.4722755253314972,0
0,0.46733859181404114,0
1,0.45347777009010315,0
1,0.46397167444229126,0
0,0.46154001355171204,0
1,0.46914881467819214,0
0,0.4721623361110687,0
1,0.4657804071903229,0
1,0.4727957546710968,0
1,0.4643716514110565,0
0,0.4729795455932617,0
1,0.45884791016578674,0
1,0.47328299283981323,0
0,0.47111523151397705,0
1,0.47174566984176636,0
0,0.4715346097946167,0
0,0.47076717019081116,0
1,0.47138118743896484,0
0,0.4523667097091675,0
0,0.4698949456214905,0
1,0.4718513786792755,0
1,0.4611259996891022,0
1,0.461994469165802,0
1,0.4720952808856964,0
0,0.45332828164100647,0
0,0.4657477140426636,0
0,0.469673216342926,0
1,0.4728625416755676,0
0,0.4534182846546173,0
0,0.46787840127944946,0
1,0.4709917902946472,0
0,0.46964409947395325,0
0,0.4727482795715332,0
1,0.4741661548614502,0
0,0.4643370807170868,0
0,0.46414315700531006,0
1,0.46801915764808655,0
1,0.4738004207611084,0
0,0.4730294644832611,0
1,0.4522550702095032,0
1,0.4671282172203064,0
1,0.458662748336792,0
0,0.4716407358646393,0
1,0.4725440740585327,0
1,0.46577760577201843,0
0,0.46996915340423584,0
0,0.46114009618759155,0
1,0.46759742498397827,0
1,0.46832430362701416,0
1,0.46996593475341797,0
0,0.46486738324165344,0
1,0.4608216881752014,0
0,0.4617922306060791,0
0,0.46860647201538086,0
1,0.4699748754501343,0
0,0.46547985076904297,0
0,0.4623580873012543,0
0,0.4614779055118561,0
1,0.4680979251861572,0
0,0.45948055386543274,0
0,0.4562291204929352,0
0,0.4644124507904053,0
1,0.46548327803611755,0
1,0.4624771773815155,0
1,0.4726128578186035,0
1,0.4578038454055786,0
1,0.4696519672870636,0
1,0.4626583158969879,0
1,0.473311185836792,0
1,0.472756952047348,0
1,0.4713429808616638,0
1,0.45523801445961,0
1,0.4596518576145172,0
0,0.4688718616962433,0
0,0.46727412939071655,0
0,0.4694116711616516,0
0,0.4684991240501404,0
0,0.4696493446826935,0
1,0.45273709297180176,0
0,0.4714587926864624,0
1,0.4693048298358917,0
1,0.45553064346313477,0
0,0.47046783566474915,0
1,0.47277140617370605,0
0,0.4653516113758087,0
0,0.4728619456291199,0
0,0.4737282693386078,0
1,0.46967554092407227,0
1,0.46147581934928894,0
0,0.45588845014572144,0
1,0.4577079713344574,0
1,0.46899837255477905,0
1,0.4735610783100128,0
0,0.4699662923812866,0
0,0.4641158878803253,0
0,0.47274911403656006,0
1,0.4577415883541107,0
1,0.45772844552993774,0
1,0.46338221430778503,0
0,0.4647964835166931,0
1,0.4696485102176666,0
0,0.4724053740501404,0
0,0.4643706977367401,0
1,0.46965283155441284,0
0,0.4698929488658905,0
0,0.4729204475879669,0
0,0.46409109234809875,0
1,0.47398245334625244,0
1,0.467366486787796,0
0,0.46548765897750854,0
1,0.4725848436355591,0
1,0.4544801414012909,0
1,0.4708488881587982,0
1,0.469683438539505,0
1,0.47079628705978394,0
1,0.47202885150909424,0
1,0.468515545129776,0
1,0.47163406014442444,0
0,0.4636942446231842,0
1,0.4620679020881653,0
0,0.47296538949012756,0
0,0.47105756402015686,0
0,0.4697170853614807,0
1,0.47164881229400635,0
0,0.4726157486438751,0
1,0.46461454033851624,0
1,0.4584013819694519,0
0,0.46196678280830383,0
0,0.4724346399307251,0
0,0.462237685918808,0
0,0.4616403877735138,0
1,0.45834410190582275,0
1,0.46830838918685913,0
0,0.47199901938438416,0
0,0.4635874927043915,0
1,0.46542635560035706,0
1,0.4642811715602875,0
0,0.46967047452926636,0
0,0.4703371524810791,0
1,0.4729267358779907,0
0,0.47268328070640564,0
0,0.45964518189430237,0
0,0.4705533981323242,0
0,0.47309771180152893,0
0,0.46679720282554626,0
1,0.4651655852794647,0
1,0.47268593311309814,0
0,0.47246551513671875,0
1,0.4704345464706421,0
1,0.46744412183761597,0
1,0.47187283635139465,0
0,0.4693281948566437,0
1,0.4727913737297058,0
1,0.46985527873039246,0
1,0.46710407733917236,0
1,0.46335476636886597,0
0,0.46241042017936707,0
0,0.4728620648384094,0
0,0.46534213423728943,0
1,0.4701501429080963,0
0,0.4705323874950409,0
1,0.46428364515304565,0
0,0.470846563577652,0
1,0.4726563096046448,0
0,0.47247114777565,0
0,0.46008262038230896,0
1,0.4706735610961914,0
0,0.45577117800712585,0
1,0.4613382816314697,0
0,0.45952701568603516,0
0,0.4541037678718567,0
0,0.46964189410209656,0
0,0.46769294142723083,0
0,0.47147905826568604,0
1,0.46974897384643555,0
0,0.4595232605934143,0
0,0.45634162425994873,0
1,0.46954891085624695,0
0,0.4732170104980469,0
0,0.4599708616733551,0
1,0.47070515155792236,0
0,0.4706621766090393,0
0,0.4645964801311493,0
1,0.46871379017829895,0
1,0.4722192585468292,0
0,0.4732458293437958,0
1,0.47179386019706726,0
0,0.46965524554252625,0
0,0.46497270464897156,0
1,0.4606871008872986,0
0,0.4725648760795593,0
1,0.4696196913719177,0
1,0.4555743932723999,0
0,0.46878790855407715,0
0,0.47369691729545593,0
0,0.46742087602615356,0
1,0.462842732667923,0
0,0.4706140458583832,0
0,0.4704357981681824,0
0,0.4601147174835205,0
0,0.46965304017066956,0
1,0.47032421827316284,0
1,0.4661298990249634,0
0,0.45678505301475525,0
0,0.46729016304016113,0
0,0.4710194766521454,0
0,0.46158313751220703,0
0,0.47124993801116943,0
0,0.45205825567245483,0
0,0.45861896872520447,0
0,0.47274070978164673,0
1,0.473234087228775,0
0,0.4701661765575409,0
1,0.45732927322387695,0
1,0.47086507081985474,0
0,0.4641702473163605,0
1,0.47366681694984436,0
0,0.47236886620521545,0
1,0.45337387919425964,0
0,0.4640537202358246,0
0,0.46801358461380005,0
1,0.4672890603542328,0
0,0.4692307114601135,0
1,0.46259596943855286,0
0,0.4697241485118866,0
1,0.45918598771095276,0
1,0.4719601273536682,0
0,0.46398088335990906,0
0,0.47235652804374695,0
0,0.4649088978767395,0
1,0.471462607383728,0
1,0.46584489941596985,0
1,0.46812352538108826,0
1,0.472530335187912,0
1,0.4656607210636139,0
0,0.4728897213935852,0
1,0.45414039492607117,0
1,0.47274401783943176,0
0,0.4696774184703827,0
1,0.4698743224143982,0
1,0.4722628593444824,0
0,0.4717910885810852,0
1,0.4704833924770355,0
1,0.46089550852775574,0
0,0.4678804874420166,0
0,0.47159069776535034,0
0,0.45567309856414795,0
1,0.46704986691474915,0
1,0.4697044789791107,0
1,0.45590439438819885,0
1,0.47238728404045105,0
0,0.45718544721603394,0
0,0.47281020879745483,0
1,0.466218501329422,0
0,0.4682139754295349,0
1,0.45291006565093994,0
1,0.4595005512237549,0
1,0.46029457449913025,0
1,0.4678095877170563,0
0,0.46852895617485046,0
0,0.4735690951347351,0
0,0.473023921251297,0
0,0.46816402673721313,0
0,0.46438437700271606,0
1,0.4648113250732422,0
0,0.4645705223083496,0
0,0.4706089198589325,0
1,0.4696555435657501,0
1,0.4674653112888336,0
0,0.4545239806175232,0
1,0.46999627351760864,0
1,0.458461731672287,0
0,0.46447381377220154,0
1,0.4683578610420227,0
0,0.4684772491455078,0
0,0.47396180033683777,0
1,0.46028733253479004,0
1,0.4710758626461029,0
1,0.46832361817359924,0
0,0.4595830738544464,0
1,0.47267335653305054,0
0,0.4739793539047241,0
1,0.4720225930213928,0
0,0.4692787230014801,0
0,0.45630067586898804,0
1,0.47051143646240234,0
1,0.4624643325805664,0
0,0.4673233926296234,0
1,0.4593844413757324,0
0,0.45773863792419434,0
0,0.4479721784591675,0
0,0.47018173336982727,0
1,0.46934181451797485,0
0,0.4712842106819153,0
1,0.4704445004463196,0
0,0.4652425944805145,0
1,0.4568641185760498,0
0,0.46386024355888367,0
1,0.4729480743408203,0
0,0.47020724415779114,0
0,0.4653163552284241,0
0,0.4732128381729126,0
0,0.4676777124404907,0
0,0.4711082875728607,0
1,0.4720918834209442,0
1,0.47254231572151184,0
0,0.4598313570022583,0
1,0.47375065088272095,0
1,0.45754438638687134,0
0,0.46221786737442017,0
0,0.4513271749019623,0
0,0.453952431678772,0
0,0.45960769057273865,0
1,0.4708172678947449,0
1,0.4727476239204407,0
0,0.4551216661930084,0
1,0.47113004326820374,0
0,0.4645199179649353,0
0,0.4693709909915924,0
1,0.4729473292827606,0
1,0.4727126955986023,0
1,0.4713945686817169,0
0,0.46497321128845215,0
0,0.46927931904792786,0
1,0.45923420786857605,0
1,0.4580387473106384,0
0,0.47313404083251953,0
0,0.472747266292572,0
0,0.46860191226005554,0
1,0.4691337049007416,0
0,0.46337389945983887,0
0,0.469845175743103,0
1,0.4721795618534088,0
0,0.4689539968967438,0
1,0.45698168873786926,0
0,0.4727690517902374,0
0,0.4538000822067261,0
1,0.45659753680229187,0
0,0.47296610474586487,0
0,0.47381219267845154,0
1,0.4632026255130768,0
0,0.47040921449661255,0
1,0.4685657024383545,0
1,0.462126761674881,0
1,0.47243043780326843,0
1,0.45757603645324707,0
0,0.46965885162353516,0
0,0.4696614444255829,0
1,0.4696521461009979,0
1,0.4701976478099823,0
1,0.4731379449367523,0
1,0.4634125530719757,0
1,0.4684388041496277,0
0,0.46087080240249634,0
1,0.4679560363292694,0
0,0.47261691093444824,0
0,0.46793797612190247,0
1,0.4709584414958954,0
1,0.45479241013526917,0
1,0.47238999605178833,0
0,0.46412867307662964,0
1,0.46772435307502747,0
0,0.4563820958137512,0
1,0.46974602341651917,0
1,0.4696448743343353,0
0,0.4702366888523102,0
0,0.47065624594688416,0
0,0.4730773866176605,0
0,0.4708581864833832,0
1,0.46906137466430664,0
1,0.469715416431427,0
0,0.45796674489974976,0
1,0.4735166132450104,0
1,0.4737463593482971,0
1,0.46968069672584534,0
1,0.46620845794677734,0
1,0.4730836749076843,0
0,0.45502370595932007,0
0,0.4638734757900238,0
0,0.47118446230888367,0
0,0.4725759029388428,0
0,0.4738575220108032,0
0,0.47291627526283264,0
0,0.47388747334480286,0
1,0.47396624088287354,0
0,0.4702610671520233,0
0,0.4696531295776367,0
0,0.4549851715564728,0
0,0.4682713449001312,0
1,0.468575656414032,0
1,0.4728105068206787,0
1,0.4583146274089813,0
1,0.4707413911819458,0
0,0.45938020944595337,0
1,0.47069650888442993,0
0,0.4594396948814392,0
1,0.4706825613975525,0
1,0.4633808135986328,0
1,0.47275105118751526,0
0,0.4732986092567444,0
1,0.47284841537475586,0
1,0.4706111550331116,0
0,0.4722781479358673,0
0,0.4655321538448334,0
0,0.4656299650669098,0
0,0.4573676884174347,0
1,0.4730719327926636,0
1,0.4726830720901489,0
0,0.4727614223957062,0
1,0.4697777032852173,0
1,0.465310275554657,0
0,0.46142125129699707,0
1,0.4698249399662018,0
1,0.473627507686615,0
1,0.4639115333557129,0
0,0.46416544914245605,0
0,0.45316773653030396,0
0,0.46728459000587463,0
1,0.4702187776565552,0
0,0.4625052809715271,0
0,0.46716856956481934,0
1,0.4723770022392273,0
0,0.46916696429252625,0
0,0.47177794575691223,0
0,0.4551885426044464,0
1,0.4652571678161621,0
1,0.4593627154827118,0
0,0.4702300727367401,0
1,0.46634623408317566,0
1,0.46261173486709595,0
1,0.45668473839759827,0
1,0.46835777163505554,0
0,0.4672095775604248,0
0,0.46104586124420166,0
1,0.47302529215812683,0
1,0.4632558822631836,0
1,0.46760284900665283,0
1,0.46972882747650146,0
1,0.4506680369377136,0
1,0.46757772564888,0
0,0.47232159972190857,0
0,0.47279778122901917,0
0,0.4712684750556946,0
0,0.47216349840164185,0
0,0.47230175137519836,0
0,0.4669046103954315,0
1,0.46387583017349243,0
0,0.4731358587741852,0
1,0.471039354801178,0
0,0.47050362825393677,0
1,0.4537603259086609,0
1,0.4629434645175934,0
0,0.47052621841430664,0
1,0.4738401472568512,0
1,0.45887768268585205,0
1,0.4690723121166229,0
0,0.4729403257369995,0
1,0.473977655172348,0
0,0.4543789029121399,0
0,0.4694474935531616,0
1,0.4723581373691559,0
0,0.4721775949001312,0
0,0.4651276469230652,0
0,0.4545685052871704,0
1,0.4737955927848816,0
0,0.4715796113014221,0
1,0.4733833074569702,0
0,0.44875338673591614,0
0,0.4688948690891266,0
1,0.4713800549507141,0
0,0.4730250835418701,0
0,0.4527381658554077,0
1,0.46298807859420776,0
1,0.4719366133213043,0
1,0.466630756855011,0
1,0.4661710858345032,0
0,0.47054821252822876,0
0,0.4672829210758209,0
0,0.45903581380844116,0
1,0.45999613404273987,0
1,0.45157796144485474,0
1,0.47291675209999084,0
0,0.45269179344177246,0
0,0.47147300839424133,0
1,0.466570645570755,0
1,0.46800053119659424,0
1,0.46840211749076843,0
0,0.456784188747406,0
0,0.4725554585456848,0
0,0.47295862436294556,0
1,0.47229069471359253,0
1,0.46986496448516846,0
0,0.46898582577705383,0
1,0.46566393971443176,0
1,0.4688813388347626,0
1,0.47308477759361267,0
1,0.46924078464508057,0
1,0.4634382128715515,0
0,0.47118720412254333,0
1,0.4696524441242218,0
0,0.4726906418800354,0
0,0.4736892282962799,0
1,0.4662272036075592,0
0,0.47200337052345276,0
0,0.4623734652996063,0
1,0.4703747034072876,0
1,0.4732392132282257,0
0,0.4647366404533386,0
0,0.45710548758506775,0
1,0.47275009751319885,0
1,0.4732021689414978,0
1,0.4689655005931854,0
0,0.4594844877719879,0
0,0.471805214881897,0
0,0.47391584515571594,0
1,0.4689973294734955,0
0,0.4648391008377075,0
0,0.46497178077697754,0
0,0.4697503447532654,0
0,0.4710604250431061,0
0,0.47021862864494324,0
1,0.4692550003528595,0
1,0.4737341105937958,0
0,0.4723455607891083,0
1,0.47278791666030884,0
0,0.4723840355873108,0
1,0.47307950258255005,0
1,0.4644724130630493,0
0,0.471092164516449,0
1,0.47373294830322266,0
1,0.4754020571708679,0
0,0.4727773070335388,0
0,0.47152993083000183,0
1,0.4727531373500824,0
0,0.4706647992134094,0
1,0.47275179624557495,0
1,0.47177496552467346,0
1,0.47167596220970154,0
0,0.4704638719558716,0
0,0.4738033711910248,0
1,0.4733022153377533,0
1,0.4739832282066345,0
0,0.46813300251960754,0
0,0.45494771003723145,0
1,0.46249455213546753,0
1,0.47244468331336975,0
1,0.4703245460987091,0
1,0.4716760814189911,0
0,0.46093234419822693,0
1,0.4682255983352661,0
0,0.46999695897102356,0
0,0.4727722406387329,0
1,0.4721047282218933,0
0,0.4696521461009979,0
0,0.46700596809387207,0
1,0.4654906094074249,0
0,0.4698663353919983,0
0,0.45586761832237244,0
1,0.46812233328819275,0
0,0.4696521759033203,0
1,0.4719635844230652,0
1,0.47049680352211,0
1,0.46483373641967773,0
1,0.4709611237049103,0
0,0.4699995219707489,0
1,0.4736928641796112,0
0,0.46939536929130554,0
0,0.46437931060791016,0
0,0.4642481207847595,0
0,0.4696141183376312,0
1,0.4734475016593933,0
1,0.4643893837928772,0
1,0.4695203900337219,0
0,0.462848037481308,0
0,0.47402676939964294,0
0,0.461151123046875,0
1,0.47267550230026245,0
0,0.4730859100818634,0
1,0.4646585285663605,0
0,0.46575164794921875,0
1,0.47114697098731995,0
0,0.47347983717918396,0
0,0.4731534719467163,0
0,0.47051259875297546,0
0,0.4714435338973999,0
0,0.4534352719783783,0
0,0.47228726744651794,0
0,0.46599939465522766,0
0,0.46678414940834045,0
0,0.45227643847465515,0
0,0.4701569378376007,0
0,0.47140687704086304,0
1,0.46966713666915894,0
0,0.4704713821411133,0
0,0.47140300273895264,0
1,0.4726669192314148,0
1,0.4609251022338867,0
0,0.47064873576164246,0
1,0.47249525785446167,0
1,0.4387410283088684,0
1,0.4638293385505676,0
0,0.4695858955383301,0
1,0.4600779712200165,0
0,0.47280028462409973,0
0,0.47070494294166565,0
1,0.4715430736541748,0
1,0.47011858224868774,0
0,0.4727434813976288,0
1,0.47235503792762756,0
1,0.46820515394210815,0
1,0.4683467745780945,0
0,0.46649664640426636,0
0,0.46965572237968445,0
1,0.46100613474845886,0
0,0.47271838784217834,0
1,0.4730468988418579,0
1,0.4734512269496918,0
1,0.47346240282058716,0
0,0.4611770808696747,0
0,0.4637050926685333,0
1,0.46754270792007446,0
1,0.46965861320495605,0
0,0.45248329639434814,0
1,0.4660675525665283,0
1,0.4727495610713959,0
1,0.46936678886413574,0
1,0.4700092077255249,0
0,0.4646034240722656,0
0,0.4634503424167633,0
0,0.4546680748462677,0
1,0.4725944995880127,0
1,0.4705827534198761,0
1,0.4719434976577759,0
1,0.4739524722099304,0
1,0.4597841799259186,0
1,0.47139808535575867,0
1,0.4717139005661011,0
1,0.47020912170410156,0
0,0.46135014295578003,0
1,0.47340816259384155,0
1,0.4562831223011017,0
0,0.45509374141693115,0
0,0.47046810388565063,0
0,0.47065940499305725,0
1,0.470359742641449,0
0,0.4726801812648773,0
1,0.464347779750824,0
0,0.4625295400619507,0
1,0.46991217136383057,0
0,0.4718780517578125,0
1,0.470509797334671,0
0,0.4565754234790802,0
0,0.4647054374217987,0
0,0.4696798622608185,0
0,0.46738097071647644,0
0,0.47361552715301514,0
1,0.47092416882514954,0
1,0.469566285610199,0
1,0.4692471921443939,0
0,0.46973249316215515,0
0,0.46656617522239685,0
1,0.46743273735046387,0
0,0.47029754519462585,0
1,0.46088123321533203,0
0,0.45433494448661804,0
1,0.47134652733802795,0
0,0.469916969537735,0
0,0.4709409177303314,0
0,0.4680185914039612,0
1,0.47290876507759094,0
0,0.46534982323646545,0
0,0.4698185324668884,0
1,0.4590436518192291,0
1,0.461799293756485,0
0,0.47304606437683105,0
1,0.46970000863075256,0
0,0.468018114566803,0
1,0.46712726354599,0
0,0.4725743234157562,0
0,0.46821776032447815,0
1,0.47311025857925415,0
1,0.46235600113868713,0
0,0.46162083745002747,0
0,0.4709237515926361,0
1,0.45814889669418335,0
1,0.47259795665740967,0
0,0.47277742624282837,0
1,0.45754268765449524,0
0,0.46994319558143616,0
1,0.46642717719078064,0
0,0.47047188878059387,0
1,0.4737866222858429,0
1,0.4717665910720825,0
0,0.45631855726242065,0
1,0.46975454688072205,0
1,0.47275233268737793,0
0,0.46923354268074036,0
1,0.4647347927093506,0
1,0.4537582993507385,0
1,0.47281286120414734,0
0,0.472409725189209,0
0,0.46793046593666077,0
1,0.4734361171722412,0
1,0.47266462445259094,0
1,0.47409144043922424,0
1,0.46130168437957764,0
1,0.4728679955005646,0
0,0.47097018361091614,0
1,0.471722811460495,0
1,0.4651626944541931,0
1,0.45491060614585876,0
0,0.4569636583328247,0
0,0.4662318825721741,0
1,0.46753108501434326,0
0,0.46095892786979675,0
1,0.463726282119751,0
1,0.46509140729904175,0
0,0.46967628598213196,0
1,0.4696638584136963,0
1,0.4727398157119751,0
1,0.4710438549518585,0
1,0.4725862443447113,0
0,0.47058385610580444,0
1,0.4729105234146118,0
0,0.4689391255378723,0
1,0.4708201289176941,0
0,0.4624747335910797,0
0,0.471956729888916,0
1,0.465047150850296,0
0,0.4674152433872223,0
0,0.47004434466362,0
1,0.4685683250427246,0
0,0.4717971086502075,0
0,0.47260040044784546,0
1,0.46964073181152344,0
0,0.46690231561660767,0
0,0.47362393140792847,0
1,0.47270432114601135,0
0,0.46148252487182617,0
0,0.473914235830307,0
0,0.4692319631576538,0
1,0.4650022089481354,0
1,0.4561944305896759,0
0,0.4711390435695648,0
0,0.4701264798641205,0
1,0.470518559217453,0
1,0.46438175439834595,0
0,0.4705347418785095,0
1,0.46570685505867004,0
0,0.4608692228794098,0
1,0.46689555048942566,0
0,0.4696750044822693,0
0,0.4564501643180847,0
1,0.4739544987678528,0
0,0.47026774287223816,0
1,0.4727824926376343,0
1,0.4705866575241089,0
0,0.46965649724006653,0
0,0.47287896275520325,0
1,0.4567916691303253,0
1,0.4578307867050171,0
0,0.46768200397491455,0
0,0.4690650701522827,0
0,0.4696551263332367,0
1,0.46948742866516113,0
1,0.46539077162742615,0
0,0.47259828448295593,0
0,0.46043887734413147,0
1,0.4692247211933136,0
0,0.45751938223838806,0
0,0.45766720175743103,0
1,0.467165470123291,0
0,0.4723431169986725,0
1,0.47198572754859924,0
1,0.4696521759033203,0
1,0.4689720571041107,0
1,0.47288408875465393,0
0,0.46983569860458374,0
0,0.4619615972042084,0
1,0.46841269731521606,0
1,0.4694753885269165,0
0,0.460847407579422,0
0,0.457924485206604,0
1,0.4696441888809204,0
1,0.46308475732803345,0
0,0.46005597710609436,0
1,0.45567041635513306,0
1,0.46715453267097473,0
0,0.4612414836883545,0
1,0.4576793909072876,0
0,0.46638500690460205,0
0,0.4617588520050049,0
1,0.4546990990638733,0
0,0.4683150351047516,0
0,0.46436649560928345,0
0,0.4646725058555603,0
0,0.4618338644504547,0
0,0.4709947109222412,0
0,0.4722897410392761,0
1,0.47208577394485474,0
0,0.47228163480758667,0
1,0.46324074268341064,0
1,0.4450557827949524,0
1,0.47325438261032104,0
0,0.47289207577705383,0
0,0.4579663872718811,0
0,0.47240617871284485,0
0,0.46666428446769714,0
0,0.47048044204711914,0
1,0.46211060881614685,0
0,0.4693254232406616,0
0,0.47311127185821533,0
1,0.4595240652561188,0
0,0.4576560854911804,0
0,0.4722921848297119,0
1,0.4688756763935089,0
1,0.47356098890304565,0
0,0.45430079102516174,0
0,0.4580990970134735,0
1,0.46283042430877686,0
1,0.4591580331325531,0
0,0.47294551134109497,0
1,0.47343209385871887,0
1,0.45647579431533813,0
0,0.45559200644493103,0
1,0.4729178845882416,0
0,0.4711316227912903,0
1,0.4688793420791626,0
1,0.46872201561927795,0
1,0.47359010577201843,0
1,0.4569651484489441,0
0,0.4617359936237335,0
1,0.4548058807849884,0
0,0.4541877508163452,0
1,0.4703507125377655,0
1,0.4736088812351227,0
1,0.4686841368675232,0
1,0.468488872051239,0
0,0.46786385774612427,0
0,0.46042731404304504,0
0,0.47081634402275085,0
0,0.4574805200099945,0
0,0.4734731912612915,0
0,0.46443971991539,0
1,0.47080305218696594,0
1,0.4728904664516449,0
1,0.47012585401535034,0
1,0.4719099998474121,0
0,0.4736804962158203,0
1,0.4730985164642334,0
1,0.4739757180213928,0
0,0.4626137316226959,0
1,0.4725983738899231,0
0,0.47319862246513367,0
1,0.47267794609069824,0
0,0.45829612016677856,0
0,0.45418789982795715,0
1,0.4717368185520172,0
1,0.4722854793071747,0
1,0.4726085066795349,0
0,0.46955606341362,0
1,0.47009214758872986,0
1,0.47287246584892273,0
1,0.46972087025642395,0
1,0.4689275324344635,0
1,0.47102537751197815,0
0,0.4674692153930664,0
1,0.4725772440433502,0
1,0.46825435757637024,0
1,0.46838951110839844,0
1,0.4615035653114319,0
0,0.4538044035434723,0
1,0.4691062271595001,0
1,0.46161630749702454,0
1,0.46946588158607483,0
1,0.46966785192489624,0
0,0.45833632349967957,0
1,0.4701753556728363,0
0,0.45498019456863403,0
1,0.4696512520313263,0
1,0.46368634700775146,0
1,0.46330752968788147,0
0,0.459769070148468,0
0,0.46964409947395325,0
1,0.4696982502937317,0
1,0.46396008133888245,0
1,0.4560920298099518,0
0,0.4602071940898895,0
0,0.47267889976501465,0
0,0.46341651678085327,0
1,0.4708402156829834,0
0,0.4650311768054962,0
0,0.4726763963699341,0
1,0.46019816398620605,0
1,0.4726705849170685,0
1,0.47246667742729187,0
0,0.4563261866569519,0
0,0.46736931800842285,0
0,0.46977147459983826,0
1,0.4701036810874939,0
1,0.46403768658638,0
0,0.4737324118614197,0
1,0.4544784724712372,0
1,0.47353628277778625,0
1,0.46375298500061035,0
1,0.4635084271430969,0
1,0.4717795252799988,0
0,0.46826761960983276,0
1,0.4739091992378235,0
0,0.47275978326797485,0
0,0.4702652096748352,0
0,0.4714488387107849,0
1,0.4711700677871704,0
1,0.455979585647583,0
1,0.46963807940483093,0
0,0.45791295170783997,0
1,0.4736272990703583,0
1,0.4607172906398773,0
0,0.4700321853160858,0
0,0.4701741337776184,0
1,0.4732469618320465,0
1,0.4704299569129944,0
1,0.46453651785850525,0
1,0.47240421175956726,0
1,0.4706078767776489,0
1,0.46808862686157227,0
0,0.4734305441379547,0
0,0.46720126271247864,0
1,0.46975213289260864,0
0,0.47263017296791077,0
0,0.46957847476005554,0
0,0.4690004587173462,0
1,0.4696590304374695,0
0,0.4717644453048706,0
1,0.47084692120552063,0
1,0.4714532792568207,0
1,0.459537148475647,0
0,0.4554796516895294,0
0,0.4619537889957428,0
1,0.47044244408607483,0
0,0.47058844566345215,0
1,0.470249205827713,0
1,0.46965616941452026,0
1,0.4530705213546753,0
0,0.4598388373851776,0
0,0.4678137004375458,0
1,0.4704820215702057,0
1,0.4724251627922058,0
1,0.4728196859359741,0
0,0.47303271293640137,0
0,0.47284218668937683,0
1,0.4606612026691437,0
1,0.4703589975833893,0
1,0.47176021337509155,0
0,0.46665090322494507,0
1,0.4603045582771301,0
0,0.4611232280731201,0
0,0.4739268720149994,0
0,0.4722786247730255,0
0,0.45937326550483704,0
0,0.47147104144096375,0
1,0.46967095136642456,0
0,0.4625098705291748,0
0,0.4719240069389343,0
0,0.4660586416721344,0
0,0.47169315814971924,0
1,0.46899864077568054,0
0,0.4714582860469818,0
1,0.46658802032470703,0
1,0.47240686416625977,0
0,0.46837863326072693,0
1,0.47276565432548523,0
0,0.4696502983570099,0
1,0.4652504622936249,0
1,0.4726020097732544,0
1,0.45520836114883423,0
0,0.46974045038223267,0
0,0.4548250138759613,0
1,0.4662085473537445,0
1,0.4553242623806,0
0,0.4701125919818878,0
1,0.47392547130584717,0
0,0.47154274582862854,0
0,0.47295448184013367,0
1,0.472722589969635,0
0,0.46086400747299194,0
1,0.47086188197135925,0
1,0.47319427132606506,0
1,0.46967026591300964,0
1,0.47228026390075684,0
0,0.4733719825744629,0
1,0.4564245343208313,0
1,0.47022441029548645,0
0,0.47265926003456116,0
0,0.45322924852371216,0
0,0.460070937871933,0
0,0.4729141592979431,0
0,0.470325231552124,0
0,0.4695027768611908,0
0,0.47018682956695557,0
1,0.46977707743644714,0
0,0.4668657183647156,0
1,0.4650668501853943,0
1,0.46776148676872253,0
0,0.4709351658821106,0
1,0.47219955921173096,0
0,0.462474524974823,0
0,0.472867876291275,0
0,0.47051090002059937,0
0,0.46135419607162476,0
1,0.4736087918281555,0
0,0.47212284803390503,0
0,0.46066558361053467,0
0,0.4731382131576538,0
1,0.46625635027885437,0
0,0.4629901945590973,0
1,0.46409139037132263,0
0,0.4696730673313141,0
1,0.46759024262428284,0
0,0.46126583218574524,0
1,0.4653984010219574,0
0,0.46589016914367676,0
0,0.46790069341659546,0
1,0.4652175307273865,0
0,0.4696641266345978,0
0,0.46065396070480347,0
0,0.4684346616268158,0
1,0.47016602754592896,0
1,0.460855096578598,0
1,0.4640216827392578,0
1,0.45835280418395996,0
1,0.4700546860694885,0
0,0.46553778648376465,0
0,0.46903204917907715,0
1,0.46796032786369324,0
1,0.4720885753631592,0
1,0.4608343243598938,0
1,0.4525136649608612,0
0,0.4592645764350891,0
0,0.4691852033138275,0
0,0.4678526818752289,0
1,0.44417017698287964,0
0,0.4708394706249237,0
0,0.4546545445919037,0
1,0.4599578380584717,0
1,0.47003912925720215,0
1,0.461243212223053,0
1,0.4725806415081024,0
1,0.4726695418357849,0
0,0.47031131386756897,0
0,0.469685435295105,0
0,0.47016897797584534,0
0,0.4641292095184326,0
0,0.45932990312576294,0
1,0.47124481201171875,0
0,0.47393810749053955,0
0,0.4675050675868988,0
0,0.46414661407470703,0
0,0.47049611806869507,0
1,0.4524042308330536,0
1,0.4726601541042328,0
1,0.46955618262290955,0
0,0.4706479012966156,0
0,0.47102585434913635,0
1,0.473361998796463,0
0,0.46751517057418823,0
1,0.47341349720954895,0
1,0.4738497734069824,0
1,0.46856099367141724,0
1,0.4730592370033264,0
0,0.45665186643600464,0
0,0.47267207503318787,0
0,0.46874871850013733,0
0,0.45998892188072205,0
1,0.45088738203048706,0
1,0.47305625677108765,0
1,0.45834648609161377,0
1,0.47203630208969116,0
1,0.4709332585334778,0
0,0.47103622555732727,0
1,0.4729589521884918,0
0,0.4644509255886078,0
1,0.4707259237766266,0
0,0.47148504853248596,0
1,0.4725218117237091,0
0,0.4699574112892151,0
1,0.4723256826400757,0
1,0.47043928503990173,0
0,0.47317540645599365,0
0,0.46921926736831665,0
1,0.4722557067871094,0
0,0.45978498458862305,0
0,0.47319650650024414,0
1,0.4716392159461975,0
0,0.47025778889656067,0
0,0.46438416838645935,0
1,0.4631112515926361,0
1,0.46440646052360535,0
0,0.46784719824790955,0
1,0.4713747799396515,0
1,0.4674381613731384,0
0,0.4686385691165924,0
0,0.4736415147781372,0
0,0.45714619755744934,0
1,0.46677646040916443,0
0,0.47103947401046753,0
0,0.4612805247306824,0
1,0.4696521461009979,0
1,0.4656863808631897,0
1,0.47257426381111145,0
0,0.4631962478160858,0
1,0.4728698432445526,0
1,0.47079116106033325,0
0,0.46682894229888916,0
0,0.46316713094711304,0
1,0.4729757606983185,0
0,0.45785126090049744,0
1,0.47356370091438293,0
1,0.47069406509399414,0
1,0.47030752897262573,0
1,0.47109586000442505,0
1,0.46339213848114014,0
0,0.47139108180999756,0
0,0.46779298782348633,0
0,0.46966060996055603,0
0,0.47263383865356445,0
1,0.4714622497558594,0
0,0.463497519493103,0
1,0.46437153220176697,0
0,0.4713744521141052,0
0,0.46757906675338745,0
0,0.46895632147789,0
1,0.46105560660362244,0
1,0.470978319644928,0
0,0.47308430075645447,0
1,0.4643406867980957,0
1,0.4696580767631531,0
1,0.4652191400527954,0
1,0.47014176845550537,0
0,0.4722062051296234,0
1,0.4681711494922638,0
0,0.4687497019767761,0
0,0.4643203318119049,0
1,0.45324766635894775,0
1,0.46535468101501465,0
1,0.4707007110118866,0
0,0.46971261501312256,0
1,0.4567686915397644,0
1,0.47200441360473633,0
1,0.4643436670303345,0
1,0.4739454686641693,0
0,0.470339834690094,0
0,0.45729756355285645,0
0,0.4714658558368683,0
1,0.47053226828575134,0
1,0.47207826375961304,0
1,0.4713909924030304,0
1,0.47318539023399353,0
0,0.4700072109699249,0
0,0.47254183888435364,0
0,0.4721669554710388,0
1,0.46844032406806946,0
1,0.46204549074172974,0
1,0.46772706508636475,0
1,0.4731452167034149,0
0,0.4696648120880127,0
0,0.4654553234577179,0
0,0.4552273750305176,0
1,0.4683035910129547,0
0,0.4615553617477417,0
1,0.46280840039253235,0
1,0.4668166935443878,0
1,0.46947407722473145,0
0,0.4673452377319336,0
0,0.4678310751914978,0
1,0.46693193912506104,0
1,0.4620749354362488,0
0,0.4655885696411133,0
1,0.46873024106025696,0
1,0.4691511392593384,0
0,0.46875232458114624,0
1,0.46788489818573,0
0,0.4737478196620941,0
0,0.4655182957649231,0
0,0.46870341897010803,0
0,0.46545618772506714,0
0,0.47271203994750977,0
1,0.46520668268203735,0
1,0.47426608204841614,0
0,0.4689725637435913,0
1,0.47383880615234375,0
0,0.4704097509384155,0
1,0.4665130376815796,0
0,0.4511502683162689,0
1,0.46991655230522156,0
1,0.4556710124015808,0
0,0.4602292776107788,0
0,0.47072598338127136,0
1,0.47377505898475647,0
0,0.472648024559021,0
0,0.46271997690200806,0
1,0.47107428312301636,0
1,0.46399909257888794,0
1,0.47246336936950684,0
1,0.464733362197876,0
0,0.4719529151916504,0
0,0.46874332427978516,0
0,0.47394394874572754,0
1,0.4738977551460266,0
0,0.4697788953781128,0
0,0.47305038571357727,0
1,0.46970856189727783,0
1,0.47082647681236267,0
0,0.4651666581630707,0
1,0.4683297276496887,0
0,0.47271791100502014,0
0,0.4640180766582489,0
1,0.4704979658126831,0
1,0.4654983580112457,0
1,0.4689798951148987,0
0,0.4554609954357147,0
1,0.4623742401599884,0
0,0.47306713461875916,0
0,0.4703764021396637,0
0,0.4738374650478363,0
0,0.4696134924888611,0
1,0.46463727951049805,0
0,0.47266602516174316,0
1,0.47350215911865234,0
0,0.4726768732070923,0
0,0.46499961614608765,0
0,0.47269338369369507,0
0,0.467588871717453,0
1,0.4633266031742096,0
1,0.46875736117362976,0
1,0.47288012504577637,0
1,0.47325748205184937,0
0,0.47010141611099243,0
1,0.46993711590766907,0
0,0.4696419835090637,0
0,0.4602179527282715,0
1,0.4722030460834503,0
0,0.4673307240009308,0
1,0.4557530879974365,0
1,0.46589240431785583,0
1,0.4698197841644287,0
1,0.4704074263572693,0
0,0.4672833979129791,0
1,0.47283151745796204,0
0,0.45437589287757874,0
0,0.455156534910202,0
1,0.4724247455596924,0
0,0.4571910798549652,0
1,0.4699479639530182,0
1,0.4698890745639801,0
1,0.4652198553085327,0
0,0.46479111909866333,0
1,0.4719327390193939,0
1,0.47014281153678894,0
1,0.47331172227859497,0
0,0.4706546664237976,0
1,0.4739638864994049,0
0,0.4721205532550812,0
0,0.46896034479141235,0
0,0.45499786734580994,0
1,0.4656383991241455,0
1,0.47257596254348755,0
0,0.4712882339954376,0
1,0.4741330146789551,0
1,0.46573758125305176,0
1,0.47271716594696045,0
0,0.4593219757080078,0
0,0.46745994687080383,0
0,0.4730243980884552,0
0,0.470156729221344,0
1,0.45932358503341675,0
0,0.4616491496562958,0
1,0.47316014766693115,0
1,0.4715295135974884,0
1,0.46051889657974243,0
1,0.47270694375038147,0
1,0.46967360377311707,0
0,0.4546970725059509,0
0,0.4564266502857208,0
1,0.47297975420951843,0
1,0.4678228497505188,0
1,0.46768638491630554,0
0,0.470222532749176,0
1,0.47363707423210144,0
0,0.4656234085559845,0
0,0.46284425258636475,0
0,0.47009003162384033,0
1,0.4639628529548645,0
1,0.4701233208179474,0
0,0.45398038625717163,0
0,0.4726744294166565,0
1,0.4655536413192749,0
0,0.4698091745376587,0
1,0.4587220549583435,0
1,0.4687140882015228,0
0,0.4739760458469391,0
1,0.4696521759033203,0
0,0.4644182324409485,0
1,0.4641316533088684,0
0,0.47306084632873535,0
1,0.47121462225914,0
0,0.4650842845439911,0
1,0.4708349406719208,0
1,0.46927720308303833,0
1,0.4713275730609894,0
1,0.47065362334251404,0
0,0.47206130623817444,0
1,0.468311607837677,0
1,0.47032830119132996,0
0,0.4624924659729004,0
1,0.46978381276130676,0
0,0.47271817922592163,0
1,0.46672552824020386,0
1,0.46624478697776794,0
0,0.46291419863700867,0
1,0.46493539214134216,0
1,0.47275179624557495,0
0,0.4638615548610687,0
1,0.4731316864490509,0
1,0.4644049108028412,0
1,0.46941477060317993,0
0,0.46459662914276123,0
1,0.4708000421524048,0
1,0.45863255858421326,0
1,0.44932612776756287,0
0,0.45845672488212585,0
1,0.4613525867462158,0
1,0.46735379099845886,0
0,0.4697374403476715,0
0,0.46651190519332886,0
1,0.4727555215358734,0
1,0.4668741524219513,0
0,0.4647451937198639,0
1,0.4647427201271057,0
0,0.4651893079280853,0
0,0.46966028213500977,0
1,0.47018855810165405,0
0,0.47094330191612244,0
1,0.4674038887023926,0
0,0.46954482793807983,0
0,0.4707950949668884,0
0,0.46071597933769226,0
1,0.46101659536361694,0
1,0.47014936804771423,0
1,0.47274965047836304,0
1,0.46899858117103577,0
0,0.4572036564350128,0
0,0.4661027491092682,0
0,0.46604081988334656,0
0,0.46772220730781555,0
0,0.4686487913131714,0
1,0.47351279854774475,0
1,0.4610435366630554,0
0,0.46838706731796265,0
0,0.46541827917099,0
1,0.47154226899147034,0
0,0.4697747528553009,0
0,0.4636233448982239,0
0,0.46569088101387024,0
0,0.45548805594444275,0
1,0.45525339245796204,0
1,0.46580973267555237,0
1,0.4648710787296295,0
1,0.45512187480926514,0
1,0.45893335342407227,0
0,0.4715946614742279,0
0,0.46415001153945923,0
0,0.46502912044525146,0
1,0.47382858395576477,0
1,0.47196102142333984,0
0,0.4692520201206207,0
1,0.45709967613220215,0
1,0.4689331352710724,0
1,0.4654723107814789,0
1,0.46340370178222656,0
1,0.47036901116371155,0
0,0.469174861907959,0
0,0.46352651715278625,0
0,0.4706207513809204,0
0,0.46052882075309753,0
0,0.47267037630081177,0
0,0.4702230393886566,0
1,0.4657387137413025,0
0,0.4689435660839081,0
0,0.47397100925445557,0
1,0.46448683738708496,0
1,0.467080295085907,0
0,0.4714721441268921,0
0,0.4711551368236542,0
1,0.47238418459892273,0
0,0.46938687562942505,0
0,0.47149473428726196,0
1,0.4459538757801056,0
0,0.47316351532936096,0
1,0.4691478908061981,0
1,0.4693374037742615,0
0,0.4720577597618103,0
1,0.47292882204055786,0
1,0.47223177552223206,0
1,0.45401400327682495,0
0,0.4732189178466797,0
1,0.47284308075904846,0
0,0.470990389585495,0
0,0.47148147225379944,0
0,0.4700814485549927,0
0,0.46717920899391174,0
1,0.4702351689338684,0
0,0.4672944247722626,0
0,0.4549311399459839,0
1,0.47301185131073,0
1,0.4672580063343048,0
0,0.47374454140663147,0
1,0.4693884551525116,0
1,0.4696526527404785,0
1,0.4724870026111603,0
1,0.4703814685344696,0
1,0.46663403511047363,0
0,0.47250333428382874,0
0,0.4556981325149536,0
1,0.4719318151473999,0
0,0.46806010603904724,0
0,0.4662694036960602,0
0,0.4640522301197052,0
1,0.4569626748561859,0
0,0.472922682762146,0
1,0.4708956182003021,0
1,0.46723634004592896,0
1,0.4622250497341156,0
0,0.47367703914642334,0
1,0.4657811224460602,0
1,0.47264376282691956,0
1,0.4719015061855316,0
0,0.470620334148407,0
0,0.4666227698326111,0
0,0.47006547451019287,0
0,0.4730517566204071,0
1,0.46180015802383423,0
1,0.4603022038936615,0
0,0.4562639594078064,0
1,0.4727533757686615,0
0,0.4586826264858246,0
0,0.4585758149623871,0
0,0.4659140408039093,0
0,0.4569129943847656,0
0,0.4718680679798126,0
0,0.4697258174419403,0
0,0.4696609675884247,0
1,0.46618005633354187,0
0,0.4561222493648529,0
1,0.4681854546070099,0
1,0.46113821864128113,0
1,0.4565980136394501,0
1,0.47305309772491455,0
0,0.4701571464538574,0
1,0.46100205183029175,0
1,0.46847981214523315,0
1,0.4608658254146576,0
1,0.472640722990036,0
1,0.4708707630634308,0
0,0.4567728638648987,0
1,0.46824777126312256,0
0,0.4608316123485565,0
1,0.45984598994255066,0
0,0.47266292572021484,0
1,0.45635271072387695,0
0,0.4686357378959656,0
0,0.4706355035305023,0
0,0.4673847258090973,0
0,0.46695566177368164,0
1,0.4624660015106201,0
0,0.46540743112564087,0
1,0.4639032185077667,0
0,0.45499369502067566,0
1,0.46658527851104736,0
0,0.47232961654663086,0
0,0.4572006165981293,0
0,0.4721524119377136,0
0,0.46816372871398926,0
1,0.4725308120250702,0
1,0.46751824021339417,0
0,0.45974236726760864,0
1,0.46939578652381897,0
0,0.45964470505714417,0
1,0.46976202726364136,0
0,0.46087825298309326,0
1,0.4706774950027466,0
0,0.4681081771850586,0
0,0.46673583984375,0
1,0.4577735662460327,0
1,0.45190560817718506,0
0,0.45635202527046204,0
0,0.4658063054084778,0
0,0.46998652815818787,0
1,0.47212257981300354,0
1,0.4695826768875122,0
1,0.45568597316741943,0
0,0.4726673364639282,0
0,0.465899795293808,0
0,0.46473827958106995,0
1,0.4654487669467926,0
1,0.4660208225250244,0
0,0.4594392776489258,0
0,0.4669300615787506,0
1,0.46078604459762573,0
0,0.44781970977783203,0
0,0.4656807780265808,0
0,0.4668174982070923,0
0,0.47325000166893005,0
0,0.46965259313583374,0
1,0.47328856587409973,0
1,0.4648611843585968,0
0,0.472919762134552,0
0,0.45892030000686646,0
0,0.46436578035354614,0
0,0.45390433073043823,0
1,0.4714512825012207,0
0,0.46973392367362976,0
1,0.4702758193016052,0
0,0.4714340567588806,0
0,0.46914079785346985,0
1,0.4722591042518616,0
0,0.4731177091598511,0
0,0.47205978631973267,0
0,0.4677685797214508,0
0,0.4658884108066559,0
1,0.46090948581695557,0
0,0.47281020879745483,0
1,0.47161996364593506,0
0,0.4607461392879486,0
1,0.4482170641422272,0
0,0.471439927816391,0
0,0.4644436240196228,0
1,0.4612855017185211,0
0,0.4653329849243164,0
0,0.4696546494960785,0
1,0.4688289761543274,0
0,0.4583962857723236,0
1,0.4646829068660736,0
0,0.46921369433403015,0
1,0.470769464969635,0
1,0.4648561477661133,0
1,0.47269412875175476,0
1,0.46945711970329285,0
1,0.4728597104549408,0
0,0.45544978976249695,0
0,0.46491920948028564,0
0,0.4519512355327606,0
0,0.4725417196750641,0
1,0.4737628996372223,0
1,0.472732275724411,0
0,0.4741695821285248,0
1,0.46952253580093384,0
1,0.4697326719760895,0
0,0.45392265915870667,0
1,0.4705372452735901,0
0,0.46877580881118774,0
1,0.460835337638855,0
0,0.4664906859397888,0
1,0.46433722972869873,0
1,0.45659011602401733,0
1,0.4720357656478882,0
1,0.46762797236442566,0
0,0.45738252997398376,0
0,0.4605432450771332,0
1,0.46971625089645386,0
1,0.47261419892311096,0
0,0.46916675567626953,0
1,0.47003480792045593,0
1,0.45699572563171387,0
0,0.47270745038986206,0
1,0.46477898955345154,0
1,0.4726927578449249,0
1,0.467585951089859,0
0,0.4618329405784607,0
1,0.46589794754981995,0
1,0.46889716386795044,0
1,0.47076454758644104,0
1,0.4644804894924164,0
1,0.4544432461261749,0
0,0.4730369448661804,0
0,0.47029364109039307,0
0,0.45628222823143005,0
0,0.4697840213775635,0
0,0.4594954550266266,0
1,0.47276437282562256,0
0,0.4658876955509186,0
1,0.4686468541622162,0
1,0.46485352516174316,0
1,0.46631118655204773,0
1,0.4705718755722046,0
1,0.4672585129737854,0
0,0.4586779475212097,0
1,0.47296077013015747,0
0,0.47008243203163147,0
0,0.46504834294319153,0
0,0.4623944163322449,0
0,0.4646180272102356,0
0,0.47396549582481384,0
1,0.4646461308002472,0
0,0.4605769217014313,0
1,0.47275227308273315,0
1,0.47323548793792725,0
0,0.46615415811538696,0
0,0.45473384857177734,0
1,0.4729236364364624,0
1,0.4694478511810303,0
0,0.47055181860923767,0
0,0.4560418426990509,0
0,0.46970805525779724,0
0,0.47249487042427063,0
1,0.46827876567840576,0
1,0.4713519811630249,0
1,0.4662943184375763,0
0,0.47066426277160645,0
1,0.4530166983604431,0
0,0.4720195233821869,0
1,0.4727558493614197,0
0,0.47301217913627625,0
1,0.4672601819038391,0
0,0.4716718792915344,0
0,0.4662371575832367,0
0,0.4652097225189209,0
1,0.45864567160606384,0
1,0.46596759557724,0
1,0.461591511964798,0
0,0.4652569591999054,0
0,0.4608030915260315,0
1,0.47015947103500366,0
0,0.46205994486808777,0
1,0.47253331542015076,0
1,0.4711296260356903,0
0,0.4722885489463806,0
1,0.47145476937294006,0
1,0.47353971004486084,0
1,0.46630796790122986,0
1,0.47299808263778687,0
1,0.4672175943851471,0
0,0.4731270670890808,0
0,0.4703603684902191,0
0,0.4739757180213928,0
0,0.4629113972187042,0
0,0.4707912802696228,0
0,0.47281354665756226,0
1,0.4570688307285309,0
1,0.47254320979118347,0
1,0.47293052077293396,0
0,0.46982917189598083,0
0,0.4644933044910431,0
1,0.46915140748023987,0
0,0.4693211019039154,0
1,0.472896546125412,0
0,0.4733394980430603,0
1,0.4691292345523834,0
1,0.46776553988456726,0
0,0.46070176362991333,0
0,0.46045005321502686,0
0,0.46523165702819824,0
0,0.46624746918678284,0
0,0.45233550667762756,0
1,0.47239845991134644,0
0,0.4688330292701721,0
0,0.4694477617740631,0
0,0.4487013518810272,0
0,0.47160303592681885,0
0,0.45821043848991394,0
1,0.4615825414657593,0
1,0.469658225774765,0
1,0.45946547389030457,0
1,0.4684267044067383,0
0,0.46478748321533203,0
1,0.4543248116970062,0
1,0.472174733877182,0
0,0.46465346217155457,0
0,0.4716013967990875,0
1,0.46484440565109253,0
1,0.46805912256240845,0
1,0.4651266634464264,0
0,0.4691237807273865,0
0,0.46977144479751587,0
1,0.47317278385162354,0
0,0.47264376282691956,0
1,0.4451749622821808,0
1,0.4636459946632385,0
1,0.46088680624961853,0
1,0.4609697759151459,0
0,0.47314590215682983,0
0,0.4658169150352478,0
0,0.46576550602912903,0
0,0.4727379381656647,0
1,0.47311559319496155,0
1,0.46476590633392334,0
0,0.4718618094921112,0
1,0.46750229597091675,0
1,0.45710331201553345,0
0,0.4544188380241394,0
1,0.47262606024742126,0
1,0.4692145884037018,0
1,0.467072457075119,0
0,0.46279385685920715,0
0,0.46495333313941956,0
0,0.46686500310897827,0
1,0.45843562483787537,0
1,0.4735007882118225,0
1,0.4561586380004883,0
0,0.4724878668785095,0
1,0.4743332266807556,0
1,0.4514574110507965,0
0,0.4697045683860779,0
1,0.47086602449417114,0
1,0.46966901421546936,0
0,0.45615583658218384,0
0,0.4694935381412506,0
0,0.47396060824394226,0
1,0.46999305486679077,0
1,0.47244811058044434,0
1,0.4739418625831604,0
0,0.4596506655216217,0
1,0.46709761023521423,0
1,0.45774683356285095,0
1,0.4748915135860443,0
1,0.4590891897678375,0
0,0.4579298794269562,0
1,0.4610951840877533,0
1,0.4676066040992737,0
1,0.4705934226512909,0
0,0.4696495532989502,0
0,0.4663897752761841,0
0,0.46387478709220886,0
0,0.4696601331233978,0
1,0.46523842215538025,0
0,0.4679890275001526,0
0,0.46095335483551025,0
0,0.4674864709377289,0
0,0.46233728528022766,0
0,0.4721616506576538,0
0,0.46781760454177856,0
0,0.46771854162216187,0
0,0.47376328706741333,0
0,0.47275179624557495,0
0,0.4637586176395416,0
1,0.4660262167453766,0
0,0.4635034501552582,0
1,0.4603342115879059,0
1,0.4717884361743927,0
1,0.470550537109375,0
1,0.47019100189208984,0
0,0.45601189136505127,0
0,0.4706631302833557,0
1,0.4727417230606079,0
0,0.47246506810188293,0
1,0.46180641651153564,0
0,0.4654574990272522,0
1,0.46459197998046875,0
1,0.4726961553096771,0
0,0.47287341952323914,0
1,0.46772173047065735,0
1,0.46767282485961914,0
0,0.47106465697288513,0
1,0.47014477849006653,0
1,0.4732315242290497,0
1,0.47118428349494934,0
1,0.4670330286026001,0
0,0.4509514570236206,0
0,0.4709389805793762,0
1,0.4730828106403351,0
0,0.4547941982746124,0
1,0.47274693846702576,0
0,0.46825307607650757,0
1,0.46962589025497437,0
0,0.4713878035545349,0
1,0.46349722146987915,0
0,0.47269195318222046,0
0,0.46239280700683594,0
0,0.47318124771118164,0
0,0.45087292790412903,0
0,0.4728897213935852,0
0,0.47397929430007935,0
1,0.4651145040988922,0
1,0.4683132767677307,0
0,0.4721422493457794,0
1,0.4546818733215332,0
0,0.470765084028244,0
0,0.45002320408821106,0
0,0.4682675302028656,0
1,0.46903812885284424,0
0,0.47296640276908875,0
1,0.4739026725292206,0
0,0.4695620536804199,0
1,0.4685174524784088,0
1,0.47243452072143555,0
1,0.4696575999259949,0
0,0.4711114168167114,0
0,0.47175002098083496,0
1,0.4680628776550293,0
0,0.4729996919631958,0
1,0.472712904214859,0
1,0.47275200486183167,0
0,0.4625158905982971,0
1,0.46978527307510376,0
0,0.4724542200565338,0
1,0.4695364534854889,0
1,0.4647198021411896,0
0,0.4728161692619324,0
0,0.4560528099536896,0
1,0.47236186265945435,0
1,0.4616340100765228,0
1,0.46877312660217285,0
0,0.4720481038093567,0
0,0.46995672583580017,0
1,0.4728025197982788,0
0,0.46767646074295044,0
1,0.46233829855918884,0
0,0.4583764970302582,0
1,0.4713830351829529,0
0,0.470162957906723,0
0,0.4635874927043915,0
1,0.4701225757598877,0
0,0.46712377667427063,0
1,0.47268179059028625,0
1,0.45541077852249146,0
1,0.4683138430118561,0
1,0.4716508388519287,0
1,0.45715969800949097,0
0,0.4727492332458496,0
1,0.4614112079143524,0
0,0.4726370573043823,0
0,0.46432793140411377,0
1,0.4687703549861908,0
0,0.46864449977874756,0
0,0.4739058315753937,0
0,0.4629250764846802,0
0,0.4635726809501648,0
1,0.4708206057548523,0
0,0.45554450154304504,0
0,0.4652984142303467,0
0,0.464399516582489,0
1,0.4709181487560272,0
1,0.46966221928596497,0
0,0.4646075963973999,0
0,0.45851925015449524,0
1,0.47335565090179443,0
0,0.47033435106277466,0
0,0.47272515296936035,0
0,0.47403228282928467,0
1,0.46978431940078735,0
1,0.454726904630661,0
0,0.4701134264469147,0
0,0.47028088569641113,0
1,0.4690195620059967,0
0,0.4592646360397339,0
1,0.4727362394332886,0
0,0.46622011065483093,0
0,0.45866742730140686,0
0,0.47077178955078125,0
0,0.47155824303627014,0
1,0.4646202027797699,0
1,0.4720911383628845,0
0,0.4719703197479248,0
1,0.4733986556529999,0
1,0.4629288613796234,0
1,0.46249303221702576,0
1,0.4710196852684021,0
1,0.4738520681858063,0
0,0.4580821692943573,0
0,0.4622654914855957,0
0,0.4683459401130676,0
1,0.4526519775390625,0
1,0.4727536141872406,0
1,0.47081854939460754,0
0,0.47384998202323914,0
0,0.46308210492134094,0
0,0.4652358889579773,0
0,0.46925652027130127,0
0,0.46823593974113464,0
1,0.44337618350982666,0
0,0.47264689207077026,0
1,0.45588937401771545,0
0,0.4727458655834198,0
1,0.4554516673088074,0
0,0.4710870683193207,0
1,0.4701337218284607,0
1,0.4614138603210449,0
0,0.4681425988674164,0
0,0.45785319805145264,0
0,0.47023528814315796,0
1,0.4693329930305481,0
0,0.46439129114151,0
0,0.46972396969795227,0
1,0.46316733956336975,0
0,0.47151774168014526,0
1,0.47220081090927124,0
0,0.46432599425315857,0
1,0.4702800512313843,0
1,0.47271642088890076,0
0,0.4669834077358246,0
0,0.457844078540802,0
0,0.47194546461105347,0
1,0.4637572467327118,0
1,0.4726778566837311,0
0,0.46893009543418884,0
1,0.4688878059387207,0
0,0.4643305242061615,0
0,0.4725750684738159,0
0,0.468882292509079,0
0,0.4678216874599457,0
0,0.465533584356308,0
0,0.4717293381690979,0
0,0.46703040599823,0
0,0.47292661666870117,0
0,0.47102582454681396,0
0,0.4737200438976288,0
0,0.46094372868537903,0
0,0.47294262051582336,0
1,0.4679111838340759,0
1,0.4694661498069763,0
1,0.4655744135379791,0
1,0.4694291055202484,0
1,0.4729914963245392,0
1,0.46544066071510315,0
1,0.4728301465511322,0
0,0.45932433009147644,0
0,0.4608069360256195,0
0,0.473008394241333,0
0,0.46267619729042053,0
0,0.45850542187690735,0
1,0.453952819108963,0
0,0.46841832995414734,0
0,0.47303032875061035,0
1,0.4635826647281647,0
0,0.4633551836013794,0
0,0.45614951848983765,0
0,0.46432968974113464,0
1,0.47197362780570984,0
0,0.47257155179977417,0
1,0.4742211401462555,0
1,0.4623296558856964,0
1,0.47361674904823303,0
0,0.4730248749256134,0
1,0.4730280637741089,0
1,0.47140437364578247,0
1,0.46061551570892334,0
1,0.4709758758544922,0
0,0.4648602604866028,0
1,0.47382697463035583,0
0,0.4689018428325653,0
0,0.47270265221595764,0
1,0.4668363630771637,0
0,0.46223676204681396,0
1,0.4726693332195282,0
1,0.45555874705314636,0
1,0.4546760618686676,0
1,0.46489623188972473,0
0,0.4715670347213745,0
1,0.45345622301101685,0
1,0.47125688195228577,0
1,0.47434622049331665,0
0,0.4721355438232422,0
0,0.462961882352829,0
0,0.469858855009079,0
0,0.46350520849227905,0
0,0.4733819365501404,0
1,0.47173967957496643,0
0,0.4598749876022339,0
1,0.45696115493774414,0
0,0.45652326941490173,0
1,0.47079023718833923,0
0,0.4635958671569824,0
1,0.4727647304534912,0
1,0.46800804138183594,0
1,0.46484634280204773,0
0,0.4698359966278076,0
1,0.4692627191543579,0
1,0.4681483507156372,0
1,0.46964260935783386,0
0,0.46374109387397766,0
1,0.4653306007385254,0
1,0.46257755160331726,0
1,0.4727626144886017,0
1,0.4672074019908905,0
1,0.4648689329624176,0
0,0.45758262276649475,0
0,0.47052666544914246,0
0,0.45915400981903076,0
0,0.472577840089798,0
0,0.4729454517364502,0
0,0.46465611457824707,0
0,0.46099257469177246,0
0,0.47088006138801575,0
0,0.4738180935382843,0
0,0.4689308702945709,0
1,0.4730665981769562,0
1,0.4701104760169983,0
1,0.4691649377346039,0
0,0.46611487865448,0
0,0.4584888219833374,0
1,0.47110089659690857,0
1,0.46535900235176086,0
0,0.4627348780632019,0
1,0.4591832160949707,0
0,0.4696519672870636,0
0,0.45797163248062134,0
1,0.4734917879104614,0
1,0.4681282937526703,0
0,0.4730677604675293,0
1,0.4641454219818115,0
1,0.47267284989356995,0
1,0.4715609550476074,0
1,0.46617066860198975,0
1,0.464478075504303,0
0,0.47397083044052124,0
0,0.46462878584861755,0
0,0.45805346965789795,0
1,0.46912384033203125,0
0,0.46646276116371155,0
0,0.4726162850856781,0
1,0.4650711715221405,0
0,0.4706745147705078,0
1,0.4731268882751465,0
1,0.4701498746871948,0
0,0.46553564071655273,0
1,0.4546161890029907,0
1,0.4727599024772644,0
1,0.46717119216918945,0
0,0.4697846472263336,0
0,0.4705358147621155,0
1,0.4624173641204834,0
1,0.47232726216316223,0
0,0.468269407749176,0
1,0.471455842256546,0
0,0.46718040108680725,0
1,0.4698313772678375,0
0,0.4591982066631317,0
0,0.4736182987689972,0
1,0.472149521112442,0
1,0.4732014238834381,0
0,0.47130438685417175,0
1,0.47382813692092896,0
1,0.45557618141174316,0
1,0.4729436933994293,0
0,0.46965134143829346,0
0,0.4664699137210846,0
1,0.46555468440055847,0
1,0.46092966198921204,0
0,0.4682697653770447,0
0,0.4727901518344879,0
0,0.46390774846076965,0
1,0.4695187509059906,0
0,0.4646469056606293,0
1,0.46916142106056213,0
0,0.46542707085609436,0
0,0.4544193744659424,0
1,0.4692234396934509,0
0,0.46898651123046875,0
1,0.45545339584350586,0
0,0.47443774342536926,0
1,0.46281197667121887,0
0,0.4651656746864319,0
1,0.465556263923645,0
1,0.4618624448776245,0
0,0.4596851170063019,0
1,0.4729496240615845,0
0,0.4689350128173828,0
0,0.472678005695343,0
0,0.46666160225868225,0
1,0.46638885140419006,0
0,0.46699967980384827,0
0,0.4660032391548157,0
1,0.47252383828163147,0
1,0.45858484506607056,0
0,0.45358532667160034,0
1,0.4701344966888428,0
1,0.4728747010231018,0
1,0.4701661169528961,0
1,0.4708751142024994,0
1,0.4543280303478241,0
0,0.4633115530014038,0
1,0.455300509929657,0
1,0.4714229702949524,0
1,0.4714767038822174,0
1,0.46845537424087524,0
0,0.4693569242954254,0
1,0.4701347053050995,0
0,0.45934247970581055,0
0,0.4724629521369934,0
1,0.47351232171058655,0
1,0.46085965633392334,0
1,0.46599048376083374,0
1,0.4495983123779297,0
1,0.4702607989311218,0
1,0.4654884338378906,0
0,0.47325095534324646,0
0,0.4557495415210724,0
0,0.46037930250167847,0
0,0.4645100235939026,0
0,0.4662856161594391,0
0,0.4560162127017975,0
1,0.47022050619125366,0
0,0.4689938724040985,0
0,0.47320088744163513,0
0,0.4733644127845764,0
0,0.4692390561103821,0
1,0.4657941460609436,0
0,0.46942606568336487,0
0,0.4731983244419098,0
0,0.4651173949241638,0
0,0.4684429168701172,0
0,0.45506754517555237,0
1,0.4700832962989807,0
0,0.47236600518226624,0
0,0.46807950735092163,0
1,0.472576767206192,0
1,0.4638253450393677,0
1,0.4725289046764374,0
0,0.46994608640670776,0
0,0.4645957052707672,0
1,0.4740765392780304,0
0,0.4626699686050415,0
1,0.46663418412208557,0
1,0.463741660118103,0
0,0.47270095348358154,0
1,0.453091561794281,0
1,0.4726622998714447,0
1,0.4713784158229828,0
1,0.4696519672870636,0
0,0.47276419401168823,0
1,0.4698805809020996,0
1,0.46294093132019043,0
0,0.4700417220592499,0
1,0.47263234853744507,0
1,0.45525673031806946,0
1,0.45067593455314636,0
0,0.46551427245140076,0
1,0.4578755497932434,0
0,0.4726771116256714,0
0,0.4631126821041107,0
1,0.4654024839401245,0
0,0.4724321961402893,0
0,0.45347630977630615,0
1,0.4712987542152405,0
1,0.47309648990631104,0
1,0.4626709818840027,0
1,0.47335466742515564,0
1,0.4729519486427307,0
0,0.4734092950820923,0
1,0.4646925628185272,0
0,0.4634290039539337,0
0,0.4615066647529602,0
0,0.47035446763038635,0
0,0.46961095929145813,0
1,0.4656849205493927,0
0,0.4713093936443329,0
0,0.4729464650154114,0
1,0.46981847286224365,0
1,0.46978759765625,0
1,0.4710642099380493,0
1,0.47162389755249023,0
0,0.47365498542785645,0
0,0.46957674622535706,0
1,0.4637569487094879,0
0,0.46965861320495605,0
0,0.46252474188804626,0
0,0.47271567583084106,0
1,0.4734353721141815,0
0,0.47007665038108826,0
1,0.46881553530693054,0
1,0.4724821150302887,0
1,0.47266554832458496,0
0,0.45551374554634094,0
1,0.46726930141448975,0
0,0.4728798568248749,0
0,0.46965160965919495,0
0,0.45671167969703674,0
1,0.47213879227638245,0
1,0.47247621417045593,0
0,0.47361862659454346,0
1,0.46302467584609985,0
1,0.4704987108707428,0
1,0.46368637681007385,0
0,0.4709756672382355,0
0,0.4662063717842102,0
0,0.47296226024627686,0
1,0.46824002265930176,0
0,0.473034143447876,0
1,0.46428224444389343,0
0,0.4713684022426605,0
0,0.46786490082740784,0
1,0.47396382689476013,0
1,0.4649471938610077,0
1,0.4633246660232544,0
1,0.47050297260284424,0
1,0.4723595082759857,0
0,0.4724564552307129,0
1,0.4727340042591095,0
0,0.4719303846359253,0
0,0.4727588891983032,0
1,0.47330111265182495,0
0,0.4553719162940979,0
1,0.45920881628990173,0
1,0.46854329109191895,0
1,0.46992728114128113,0
1,0.47293227910995483,0
0,0.4721991717815399,0
1,0.46964192390441895,0
0,0.4545028507709503,0
1,0.472795695066452,0
1,0.47050872445106506,0
1,0.47195661067962646,0
1,0.4733666479587555,0
0,0.47025173902511597,0
1,0.47220444679260254,0
1,0.46087655425071716,0
0,0.45779523253440857,0
0,0.47269466519355774,0
0,0.47018805146217346,0
0,0.4700929820537567,0
0,0.45659056305885315,0
0,0.469664603471756,0
1,0.4696551263332367,0
0,0.4713859558105469,0
1,0.47340863943099976,0
0,0.4725327789783478,0
1,0.4730883240699768,0
0,0.47397580742836,0
0,0.4720202088356018,0
0,0.4566941261291504,0
1,0.46965283155441284,0
0,0.4608457386493683,0
0,0.4654528796672821,0
0,0.46965208649635315,0
0,0.4610770046710968,0
1,0.4656199514865875,0
1,0.4706036448478699,0
1,0.4550406038761139,0
0,0.4640069007873535,0
0,0.47290071845054626,0
1,0.4696616530418396,0
0,0.4694184958934784,0
0,0.458944708108902,0
1,0.47312524914741516,0
0,0.46947112679481506,0
0,0.47175055742263794,0
0,0.46912410855293274,0
0,0.4725877344608307,0
0,0.4698055386543274,0
0,0.46563613414764404,0
0,0.470302015542984,0
1,0.4732172191143036,0
1,0.45267483592033386,0
0,0.465509831905365,0
1,0.465569406747818,0
0,0.4737493693828583,0
0,0.47258251905441284,0
0,0.47008681297302246,0
1,0.47189193964004517,0
0,0.4587414264678955,0
0,0.4702396094799042,0
1,0.4696025550365448,0
0,0.4704345762729645,0
0,0.470744788646698,0
0,0.4705594480037689,0
0,0.47275814414024353,0
1,0.47020861506462097,0
0,0.4685284197330475,0
1,0.472641259431839,0
0,0.46793025732040405,0
0,0.4730583727359772,0
0,0.4730130732059479,0
1,0.45520269870758057,0
0,0.4729669392108917,0
0,0.47396692633628845,0
0,0.4717946946620941,0
0,0.4737706780433655,0
0,0.45845910906791687,0
1,0.4698523283004761,0
0,0.4690892696380615,0
0,0.47033989429473877,0
0,0.4640869200229645,0
1,0.47324642539024353,0
0,0.44980689883232117,0
0,0.46697375178337097,0
0,0.46499261260032654,0
0,0.4664382338523865,0
1,0.4607216715812683,0
0,0.47325095534324646,0
1,0.4654406011104584,0
0,0.4687006175518036,0
0,0.4738045334815979,0
1,0.4724147319793701,0
1,0.47013282775878906,0
0,0.4710862338542938,0
1,0.46557772159576416,0
0,0.47148922085762024,0
0,0.47386133670806885,0
1,0.46084678173065186,0
0,0.4711461365222931,0
0,0.47260811924934387,0
0,0.469734251499176,0
0,0.47017982602119446,0
0,0.4725760221481323,0
1,0.47048842906951904,0
0,0.4709460139274597,0
0,0.4697261452674866,0
1,0.46747636795043945,0
1,0.4652264416217804,0
1,0.4723813235759735,0
1,0.457489937543869,0
1,0.46790915727615356,0
0,0.46884685754776,0
1,0.4680575132369995,0
0,0.47254082560539246,0
1,0.47379982471466064,0
0,0.4725491404533386,0
0,0.4622761905193329,0
0,0.4582056403160095,0
0,0.4702174663543701,0
1,0.4729420840740204,0
0,0.46442490816116333,0
0,0.4726230800151825,0
0,0.4691272974014282,0
1,0.4691719114780426,0
0,0.45538684725761414,0
1,0.45369821786880493,0
1,0.4706560969352722,0
0,0.47196534276008606,0
1,0.4671856462955475,0
1,0.4655497670173645,0
0,0.47305601835250854,0
1,0.4717327952384949,0
0,0.4731385409832001,0
0,0.4732294976711273,0
0,0.4713480770587921,0
0,0.47308313846588135,0
0,0.46863123774528503,0
1,0.46150633692741394,0
1,0.4720223844051361,0
1,0.47015851736068726,0
0,0.46834689378738403,0
0,0.46676328778266907,0
1,0.46720218658447266,0
1,0.4691583812236786,0
1,0.4677867293357849,0
0,0.4712526500225067,0
1,0.4727362394332886,0
1,0.46187064051628113,0
0,0.4701635241508484,0
0,0.46151453256607056,0
0,0.4721675515174866,0
1,0.4727923572063446,0
1,0.46380287408828735,0
1,0.46244147419929504,0
0,0.4725743532180786,0
1,0.4705689251422882,0
1,0.47218233346939087,0
1,0.46104201674461365,0
0,0.47294577956199646,0
1,0.4696696996688843,0
1,0.4699125289916992,0
0,0.4632423222064972,0
0,0.4727480709552765,0
0,0.47102612257003784,0
0,0.4702540338039398,0
1,0.4657133221626282,0
1,0.4584228992462158,0
1,0.4546208679676056,0
0,0.47141239047050476,0
1,0.46721509099006653,0
0,0.47105225920677185,0
1,0.4587441384792328,0
1,0.46816286444664,0
1,0.4688876271247864,0
1,0.47181016206741333,0
1,0.4703296720981598,0
0,0.4663602411746979,0
0,0.4728430211544037,0
0,0.4696521759033203,0
0,0.4706677496433258,0
1,0.45823243260383606,0
1,0.45358410477638245,0
0,0.4737285077571869,0
0,0.4725639820098877,0
0,0.4589802622795105,0
0,0.4734978973865509,0
1,0.4727114140987396,0
0,0.47063833475112915,0
0,0.4615373909473419,0
1,0.47296106815338135,0
0,0.47186774015426636,0
0,0.458438515663147,0
0,0.4668707251548767,0
1,0.4547390341758728,0
0,0.4696924686431885,0
0,0.4698130190372467,0
0,0.4700285494327545,0
0,0.4455093741416931,0
0,0.4678971469402313,0
0,0.4691772758960724,0
1,0.4728740155696869,0
1,0.4616393744945526,0
0,0.45458900928497314,0
0,0.4628375172615051,0
1,0.4718319773674011,0
1,0.4704887866973877,0
1,0.4730469584465027,0
1,0.4671689569950104,0
1,0.4705384075641632,0
0,0.4688049852848053,0
0,0.46112367510795593,0
1,0.4696521759033203,0
0,0.4726475775241852,0
0,0.47209128737449646,0
1,0.47348710894584656,0
1,0.46853402256965637,0
0,0.4639836847782135,0
0,0.460774689912796,0
0,0.46495702862739563,0
1,0.4635297358036041,0
0,0.47266900539398193,0
0,0.4698697030544281,0
1,0.47018057107925415,0
0,0.4659128487110138,0
0,0.45950013399124146,0
1,0.47160854935646057,0
0,0.4678843021392822,0
1,0.46855250000953674,0
1,0.45976513624191284,0
0,0.4723246097564697,0
1,0.47274747490882874,0
0,0.4646844267845154,0
1,0.46488726139068604,0
0,0.4617833197116852,0
0,0.46453019976615906,0
0,0.45647984743118286,0
1,0.47024306654930115,0
1,0.46657490730285645,0
1,0.47224196791648865,0
0,0.46167656779289246,0
0,0.47056668996810913,0
0,0.4626515507698059,0
1,0.4734879434108734,0
1,0.4739739000797272,0
1,0.4723816514015198,0
1,0.4558967649936676,0
0,0.4552167057991028,0
0,0.47243601083755493,0
1,0.47114431858062744,0
0,0.4637274146080017,0
0,0.4651707410812378,0
0,0.4725055396556854,0
0,0.46434932947158813,0
0,0.4732953906059265,0
1,0.4725678563117981,0
0,0.47039148211479187,0
0,0.4729321300983429,0
1,0.4659121334552765,0
0,0.4689476191997528,0
0,0.4733423888683319,0
1,0.4732881188392639,0
0,0.4632088243961334,0
0,0.46692124009132385,0
1,0.47031864523887634,0
0,0.469975084066391,0
1,0.4686497747898102,0
1,0.4692321717739105,0
1,0.4733121693134308,0
0,0.4669885039329529,0
1,0.4724823236465454,0
0,0.4726729393005371,0
1,0.4538213312625885,0
0,0.46700161695480347,0
1,0.47216036915779114,0
0,0.47269195318222046,0
0,0.4664490818977356,0
1,0.46816393733024597,0
1,0.47196537256240845,0
1,0.4541744887828827,0
0,0.4696536660194397,0
1,0.47078970074653625,0
1,0.46631792187690735,0
0,0.47269195318222046,0
1,0.46966108679771423,0
0,0.46610110998153687,0
0,0.47244325280189514,0
1,0.4711829721927643,0
0,0.47267645597457886,0
1,0.4716652035713196,0
1,0.4729365408420563,0
0,0.46400293707847595,0
1,0.4729020893573761,0
1,0.4548881947994232,0
0,0.4715926945209503,0
1,0.45366373658180237,0
0,0.4695581793785095,0
1,0.46429556608200073,0
0,0.4703918397426605,0
1,0.4717620611190796,0
1,0.4583494961261749,0
1,0.46041882038116455,0
0,0.45395898818969727,0
1,0.45967933535575867,0
0,0.47265931963920593,0
1,0.457320898771286,0
0,0.4726521074771881,0
0,0.47080275416374207,0
0,0.47270628809928894,0
0,0.46373581886291504,0
0,0.4576195180416107,0
0,0.46976301074028015,0
0,0.4648086428642273,0
1,0.4658209979534149,0
0,0.47316479682922363,0
1,0.469598650932312,0
0,0.4616561532020569,0
1,0.4724332094192505,0
0,0.46960771083831787,0
0,0.4699419140815735,0
0,0.4737229347229004,0
1,0.47047850489616394,0
1,0.46281903982162476,0
1,0.46904945373535156,0
0,0.4576229751110077,0
1,0.46880608797073364,0
1,0.47374391555786133,0
0,0.4573890268802643,0
1,0.47053268551826477,0
0,0.4595818519592285,0
1,0.4643234312534332,0
0,0.46095559000968933,0
1,0.4609176516532898,0
0,0.4595825672149658,0
0,0.4665262699127197,0
1,0.4710266590118408,0
1,0.47297728061676025,0
0,0.47316640615463257,0
1,0.4728292226791382,0
0,0.47305721044540405,0
1,0.4568933844566345,0
0,0.47136905789375305,0
1,0.47096577286720276,0
0,0.4622684419155121,0
1,0.47314557433128357,0
1,0.4626568853855133,0
1,0.46946001052856445,0
1,0.4694785475730896,0
0,0.4687246084213257,0
0,0.47121092677116394,0
1,0.4635576605796814,0
1,0.4695451259613037,0
1,0.45733046531677246,0
0,0.46334800124168396,0
1,0.46786823868751526,0
0,0.4550149440765381,0
1,0.4720287621021271,0
1,0.47052809596061707,0
1,0.46942853927612305,0
1,0.4690612554550171,0
0,0.4685053527355194,0
1,0.4725775122642517,0
1,0.47135621309280396,0
0,0.4687310755252838,0
0,0.4706856608390808,0
0,0.4702785015106201,0
1,0.46832555532455444,0
0,0.46643710136413574,0
0,0.46923163533210754,0
1,0.4623180627822876,0
0,0.4648665487766266,0
1,0.46228891611099243,0
1,0.4707188010215759,0
0,0.4723239839076996,0
0,0.4691907465457916,0
0,0.46872562170028687,0
0,0.46502870321273804,0
0,0.47247448563575745,0
0,0.4702146649360657,0
1,0.470327228307724,0
0,0.46160387992858887,0
1,0.4616372585296631,0
0,0.469722718000412,0
0,0.47267699241638184,0
1,0.4593369960784912,0
0,0.4673983156681061,0
0,0.46628931164741516,0
1,0.46980294585227966,0
0,0.463661789894104,0
1,0.472951203584671,0
1,0.4703559875488281,0
0,0.4580521583557129,0
1,0.46415314078330994,0
0,0.47388800978660583,0
1,0.4737178087234497,0
0,0.4715026915073395,0
0,0.47319063544273376,0
0,0.46957606077194214,0
1,0.4722597301006317,0
0,0.47194844484329224,0
1,0.4721406400203705,0
0,0.4696519672870636,0
1,0.4691489338874817,0
1,0.4712040424346924,0
1,0.4736603796482086,0
1,0.4632900655269623,0
0,0.4610743224620819,0
0,0.47281190752983093,0
1,0.4630858302116394,0
1,0.46996361017227173,0
1,0.46500715613365173,0
1,0.4643900990486145,0
0,0.46667903661727905,0
0,0.4725780487060547,0
0,0.4713118374347687,0
0,0.4700743854045868,0
0,0.46566128730773926,0
1,0.4650554060935974,0
1,0.47297579050064087,0
1,0.4711892604827881,0
0,0.46961233019828796,0
0,0.4571663737297058,0
1,0.46840569376945496,0
0,0.47220921516418457,0
0,0.472616046667099,0
0,0.46324124932289124,0
1,0.4732932150363922,0
0,0.4647895395755768,0
0,0.4649182856082916,0
0,0.4733251929283142,0
0,0.47353529930114746,0
0,0.4585685431957245,0
1,0.4696556627750397,0
0,0.4609001576900482,0
1,0.46810707449913025,0
0,0.4561925530433655,0
0,0.46085965633392334,0
0,0.46036550402641296,0
1,0.4730542302131653,0
0,0.4738960862159729,0
1,0.4616725742816925,0
0,0.47041523456573486,0
1,0.47013282775878906,0
0,0.47375375032424927,0
1,0.46561047434806824,0
1,0.4721675515174866,0
1,0.4725472033023834,0
1,0.4727458655834198,0
1,0.4553176760673523,0
0,0.4647924304008484,0
1,0.47272399067878723,0
0,0.45753639936447144,0
1,0.47020500898361206,0
0,0.46757155656814575,0
0,0.47205063700675964,0
0,0.46740055084228516,0
0,0.4723120629787445,0
1,0.4576946198940277,0
0,0.46531346440315247,0
0,0.4688915014266968,0
1,0.46370309591293335,0
1,0.4662032127380371,0
0,0.4572848975658417,0
1,0.46929746866226196,0
1,0.4732726514339447,0
0,0.47384828329086304,0
1,0.47399061918258667,0
0,0.4725329875946045,0
0,0.47182518243789673,0
1,0.4636041820049286,0
0,0.4629930555820465,0
1,0.4740719199180603,0
1,0.46874338388442993,0
1,0.47291746735572815,0
0,0.4535253345966339,0
1,0.47222959995269775,0
1,0.4655442237854004,0
1,0.4586268663406372,0
1,0.47105976939201355,0
1,0.4729548394680023,0
1,0.4653896689414978,0
1,0.47076284885406494,0
0,0.47014525532722473,0
1,0.4648156464099884,0
1,0.4706771671772003,0
1,0.47077953815460205,0
0,0.46636003255844116,0
1,0.4704676866531372,0
1,0.4728561341762543,0
0,0.46079179644584656,0
1,0.4726543426513672,0
1,0.46545806527137756,0
1,0.46082574129104614,0
0,0.47304248809814453,0
0,0.47262096405029297,0
0,0.47242286801338196,0
1,0.47274869680404663,0
0,0.4702370762825012,0
0,0.47391223907470703,0
1,0.46982401609420776,0
1,0.4718360900878906,0
1,0.4708156883716583,0
0,0.4659770727157593,0
1,0.45685744285583496,0
0,0.47395825386047363,0
1,0.4741905927658081,0
1,0.4726713299751282,0
1,0.47297435998916626,0
0,0.46185389161109924,0
1,0.4699922502040863,0
0,0.46638479828834534,0
0,0.46015453338623047,0
0,0.46192389726638794,0
0,0.465928852558136,0
1,0.4680643379688263,0
1,0.4684373736381531,0
0,0.46585404872894287,0
1,0.4726707637310028,0
1,0.4709734618663788,0
1,0.4682128429412842,0
0,0.4704989790916443,0
0,0.4718394875526428,0
1,0.4690852165222168,0
1,0.46850937604904175,0
1,0.46191391348838806,0
0,0.47108590602874756,0
1,0.45872822403907776,0
0,0.4720522463321686,0
1,0.45337405800819397,0
1,0.4694554805755615,0
0,0.4637731909751892,0
0,0.4580070376396179,0
1,0.4724922180175781,0
0,0.4643372893333435,0
0,0.4729468822479248,0
0,0.4696651101112366,0
1,0.4564880132675171,0
0,0.4669364094734192,0
0,0.47295382618904114,0
0,0.4721733033657074,0
0,0.47056490182876587,0
1,0.45722588896751404,0
0,0.46473947167396545,0
0,0.4523434042930603,0
1,0.4728253483772278,0
1,0.45355913043022156,0
1,0.4703778624534607,0
0,0.465115487575531,0
1,0.464118629693985,0
1,0.4700935184955597,0
0,0.4696521759033203,0
1,0.47248369455337524,0
0,0.4699465036392212,0
1,0.4538882374763489,0
1,0.4648221433162689,0
0,0.4701928496360779,0
0,0.47097307443618774,0
1,0.47344058752059937,0
0,0.47014176845550537,0
1,0.46026334166526794,0
0,0.4725743532180786,0
1,0.47211796045303345,0
0,0.4726244807243347,0
0,0.4727516174316406,0
0,0.4680134654045105,0
1,0.47024208307266235,0
0,0.472278356552124,0
0,0.4579325318336487,0
1,0.4562859833240509,0
0,0.46556076407432556,0
0,0.4626923203468323,0
1,0.47023844718933105,0
0,0.46787357330322266,0
0,0.47086378931999207,0
0,0.47171634435653687,0
1,0.47076284885406494,0
1,0.46980348229408264,0
0,0.46544453501701355,0
1,0.4725671112537384,0
0,0.46629318594932556,0
1,0.47186678647994995,0
0,0.4696689248085022,0
0,0.46201080083847046,0
1,0.455039918422699,0
1,0.4674545228481293,0
1,0.45462098717689514,0
1,0.4649895131587982,0
0,0.4724886119365692,0
0,0.4682678282260895,0
1,0.45526865124702454,0
0,0.472091406583786,0
0,0.4613293409347534,0
0,0.47145646810531616,0
0,0.4550556242465973,0
0,0.46930819749832153,0
1,0.45225790143013,0
1,0.46113893389701843,0
1,0.4728924036026001,0
1,0.4666998088359833,0
0,0.46789851784706116,0
1,0.4612128734588623,0
1,0.4499771296977997,0
1,0.45992863178253174,0
0,0.47028225660324097,0
0,0.47189024090766907,0
1,0.46980148553848267,0
1,0.4696919918060303,0
0,0.46760040521621704,0
1,0.4631282091140747,0
0,0.45520761609077454,0
0,0.4686044454574585,0
1,0.4688502252101898,0
0,0.47057217359542847,0
1,0.4720503091812134,0
0,0.4696595072746277,0
0,0.4688625931739807,0
1,0.4588780403137207,0
1,0.46303290128707886,0
1,0.4647187888622284,0
1,0.47398075461387634,0
0,0.4541328251361847,0
0,0.4696997404098511,0
0,0.4659889340400696,0
0,0.45790204405784607,0
0,0.4729638397693634,0
0,0.46801576018333435,0
1,0.46394914388656616,0
0,0.47000131011009216,0
1,0.4687749743461609,0
0,0.4726432263851166,0
1,0.463945209980011,0
1,0.46763139963150024,0
1,0.4521862864494324,0
0,0.4608411192893982,0
0,0.4711153209209442,0
0,0.47185319662094116,0
0,0.4689725637435913,0
0,0.471980482339859,0
0,0.4666800796985626,0
1,0.4709978997707367,0
0,0.4632130265235901,0
0,0.4668923020362854,0
0,0.4713047444820404,0
1,0.4676267206668854,0
1,0.47245752811431885,0
1,0.45641836524009705,0
1,0.47158241271972656,0
1,0.4667845368385315,0
0,0.4648795425891876,0
1,0.463993638753891,0
1,0.4641536474227905,0
1,0.46234071254730225,0
1,0.4729135036468506,0
0,0.46974360942840576,0
0,0.4730072319507599,0
0,0.46968305110931396,0
0,0.46408575773239136,0
1,0.4727102816104889,0
1,0.4542396366596222,0
0,0.4731215536594391,0
1,0.4720452129840851,0
1,0.4716358780860901,0
0,0.4728984236717224,0
1,0.4693101942539215,0
1,0.4558102488517761,0
1,0.46918514370918274,0
1,0.4631546139717102,0
1,0.47057899832725525,0
0,0.46725913882255554,0
0,0.46515023708343506,0
0,0.4662235677242279,0
0,0.46566471457481384,0
1,0.4734576940536499,0
1,0.46191003918647766,0
0,0.47309476137161255,0
0,0.47231388092041016,0
0,0.4729653000831604,0
0,0.4739404320716858,0
0,0.47242632508277893,0
1,0.4558621644973755,0
1,0.4584442973136902,0
0,0.4696519672870636,0
1,0.4652259349822998,0
1,0.46860790252685547,0
1,0.464368611574173,0
0,0.46682634949684143,0
0,0.46965256333351135,0
1,0.4726662337779999,0
1,0.45348024368286133,0
0,0.4696505069732666,0
1,0.46094444394111633,0
0,0.4652228355407715,0
0,0.47080257534980774,0
0,0.47153013944625854,0
1,0.470499187707901,0
1,0.4727916419506073,0
1,0.4677231013774872,0
0,0.47112593054771423,0
1,0.47381123900413513,0
0,0.4696263074874878,0
0,0.4713943302631378,0
1,0.455424964427948,0
1,0.47353237867355347,0
1,0.4622868001461029,0
0,0.46779561042785645,0
0,0.46940377354621887,0
0,0.46474915742874146,0
1,0.4726579785346985,0
0,0.4628028869628906,0
0,0.4696662724018097,0
0,0.46431273221969604,0
1,0.47222188115119934,0
1,0.4724773168563843,0
1,0.4729998707771301,0
0,0.47297313809394836,0
0,0.4671197831630707,0
1,0.46925243735313416,0
0,0.47377750277519226,0
1,0.46360716223716736,0
0,0.46966755390167236,0
1,0.4704414904117584,0
1,0.4660869240760803,0
0,0.458627313375473,0
1,0.46680232882499695,0
1,0.4729659855365753,0
1,0.46720796823501587,0
1,0.4576519727706909,0
0,0.47287726402282715,0
0,0.4702020585536957,0
0,0.47409313917160034,0
1,0.4662148654460907,0
0,0.4681760370731354,0
0,0.4731466472148895,0
1,0.4577780067920685,0
0,0.45719775557518005,0
1,0.46966269612312317,0
0,0.46818745136260986,0
1,0.4669901728630066,0
0,0.4742976129055023,0
0,0.4614969491958618,0
0,0.47016990184783936,0
1,0.47035592794418335,0
1,0.4610534906387329,0
0,0.46279340982437134,0
1,0.4567149579524994,0
0,0.4730682373046875,0
1,0.4734536409378052,0
0,0.4547596871852875,0
1,0.47374454140663147,0
1,0.4696316719055176,0
0,0.453279584646225,0
1,0.4621962010860443,0
1,0.47273367643356323,0
1,0.4702247977256775,0
1,0.47291651368141174,0
0,0.469664067029953,0
0,0.4663969576358795,0
0,0.45835980772972107,0
1,0.4629800617694855,0
1,0.4715801775455475,0
1,0.45453718304634094,0
1,0.473651260137558,0
0,0.46165400743484497,0
1,0.4689282178878784,0
1,0.4723130166530609,0
0,0.47023481130599976,0
1,0.4661712348461151,0
1,0.4711589515209198,0
1,0.4707745909690857,0
1,0.47318774461746216,0
1,0.46853378415107727,0
0,0.4710472822189331,0
0,0.46996578574180603,0
1,0.47277480363845825,0
1,0.4723643660545349,0
1,0.46694323420524597,0
1,0.46926596760749817,0
1,0.4696970582008362,0
1,0.46220558881759644,0
1,0.4610584080219269,0
0,0.47214868664741516,0
0,0.471333771944046,0
0,0.4715996980667114,0
0,0.46921202540397644,0
0,0.46518558263778687,0
0,0.46426668763160706,0
1,0.4738103747367859,0
0,0.46864089369773865,0
0,0.4727478623390198,0
1,0.46965670585632324,0
0,0.4721670150756836,0
0,0.4587128758430481,0
0,0.4516272246837616,0
0,0.47061654925346375,0
0,0.4706414043903351,0
0,0.4695310592651367,0
0,0.4706745147705078,0
0,0.4713345766067505,0
0,0.47100433707237244,0
0,0.4584897756576538,0
1,0.46908554434776306,0
0,0.4715040624141693,0
1,0.4720208942890167,0
0,0.46401119232177734,0
0,0.46871358156204224,0
1,0.4727533757686615,0
0,0.46891725063323975,0
0,0.45807749032974243,0
0,0.46797969937324524,0
0,0.46738192439079285,0
1,0.4533805251121521,0
0,0.4611361026763916,0
1,0.46889644861221313,0
0,0.4660338759422302,0
1,0.46939894556999207,0
1,0.4602614939212799,0
1,0.4718780517578125,0
0,0.4716714024543762,0
0,0.47018688917160034,0
1,0.470298707485199,0
0,0.4728887677192688,0
0,0.4712883234024048,0
0,0.47300630807876587,0
0,0.46314549446105957,0
0,0.4689052402973175,0
0,0.4689008593559265,0
1,0.4691513478755951,0
1,0.4709116816520691,0
0,0.4547543525695801,0
1,0.4696510434150696,0
0,0.4709416627883911,0
1,0.45688071846961975,0
0,0.47200071811676025,0
0,0.47308558225631714,0
1,0.45459234714508057,0
1,0.4727174639701843,0
1,0.4705115854740143,0
1,0.4669097661972046,0
1,0.4577528238296509,0
0,0.4640423059463501,0
0,0.47029104828834534,0
1,0.46921253204345703,0
0,0.47093087434768677,0
1,0.4711187779903412,0
0,0.4707218408584595,0
1,0.472278892993927,0
1,0.4728440046310425,0
0,0.4702043831348419,0
1,0.4608232080936432,0
0,0.47154825925827026,0
0,0.46479153633117676,0
0,0.46716344356536865,0
1,0.4710925817489624,0
1,0.45771095156669617,0
0,0.4649907946586609,0
0,0.469221293926239,0
1,0.4695432484149933,0
0,0.4682207703590393,0
1,0.47354599833488464,0
0,0.47166576981544495,0
0,0.46972015500068665,0
1,0.47238025069236755,0
1,0.46717795729637146,0
1,0.46973562240600586,0
1,0.46483397483825684,0
0,0.4718025028705597,0
1,0.4738866090774536,0
1,0.45253729820251465,0
1,0.4710065722465515,0
1,0.46859994530677795,0
0,0.4739648401737213,0
0,0.44906240701675415,0
1,0.4727318584918976,0
1,0.468932181596756,0
0,0.4672565460205078,0
0,0.47270432114601135,0
0,0.4559793174266815,0
0,0.4726364016532898,0
1,0.47068729996681213,0
0,0.47217094898223877,0
0,0.46984410285949707,0
1,0.4688252806663513,0
1,0.46062734723091125,0
0,0.47247955203056335,0
1,0.46966344118118286,0
1,0.44929027557373047,0
1,0.469657301902771,0
0,0.47015032172203064,0
0,0.46949824690818787,0
0,0.4605303406715393,0
1,0.46727606654167175,0
0,0.47378960251808167,0
1,0.4625326693058014,0
0,0.4622702896595001,0
1,0.469111829996109,0
1,0.4646236002445221,0
1,0.47267815470695496,0
0,0.4656118154525757,0
0,0.4654353857040405,0
0,0.44121745228767395,0
0,0.4630039930343628,0
1,0.4697476029396057,0
0,0.4633041024208069,0
0,0.45860278606414795,0
1,0.4684225618839264,0
0,0.47159260511398315,0
1,0.47192010283470154,0
0,0.46276193857192993,0
0,0.4538530707359314,0
1,0.47414836287498474,0
0,0.46779152750968933,0
0,0.46334144473075867,0
0,0.4687144458293915,0
0,0.4652259945869446,0
1,0.45933353900909424,0
0,0.4727509319782257,0
0,0.4726831614971161,0
1,0.47278961539268494,0
1,0.4562387764453888,0
1,0.46379098296165466,0
1,0.46460461616516113,0
0,0.4726299047470093,0
0,0.4696260988712311,0
1,0.45225438475608826,0
0,0.4695882499217987,0
0,0.4733758270740509,0
1,0.4572065472602844,0
1,0.4701651334762573,0
0,0.4674924612045288,0
1,0.46412837505340576,0
0,0.4701678156852722,0
1,0.47245678305625916,0
0,0.4730350077152252,0
1,0.45767560601234436,0
1,0.46498286724090576,0
1,0.45918744802474976,0
1,0.4617050290107727,0
0,0.4703080356121063,0
1,0.46431252360343933,0
1,0.46083828806877136,0
0,0.4718930125236511,0
0,0.4721176028251648,0
0,0.4628988206386566,0
0,0.4646844267845154,0
0,0.46944350004196167,0
0,0.4665399193763733,0
1,0.45486316084861755,0
1,0.4643701910972595,0
0,0.47060713171958923,0
1,0.47300705313682556,0
1,0.470092236995697,0
0,0.47275295853614807,0
0,0.46849289536476135,0
1,0.47187337279319763,0
0,0.45757928490638733,0
1,0.47097212076187134,0
1,0.46443378925323486,0
0,0.46439239382743835,0
0,0.46105900406837463,0
1,0.45376965403556824,0
0,0.4701922535896301,0
1,0.4666413366794586,0
0,0.47057661414146423,0
1,0.4590195417404175,0
1,0.4576953947544098,0
1,0.4697660207748413,0
0,0.46990180015563965,0
0,0.4641439914703369,0
0,0.4694764018058777,0
0,0.46874573826789856,0
1,0.46868088841438293,0
1,0.4665158987045288,0
1,0.4670332372188568,0
1,0.4567715525627136,0
1,0.47286728024482727,0
0,0.4728565216064453,0
1,0.4705093801021576,0
1,0.46955206990242004,0
1,0.4555884599685669,0
0,0.462898313999176,0
1,0.46965551376342773,0
0,0.4530452787876129,0
0,0.45761388540267944,0
1,0.4739285409450531,0
1,0.46643516421318054,0
1,0.4559691846370697,0
0,0.47051918506622314,0
0,0.47258102893829346,0
1,0.46899017691612244,0
1,0.46074387431144714,0
0,0.47119683027267456,0
1,0.46669191122055054,0
1,0.4674992263317108,0
0,0.4571863114833832,0
1,0.4737638235092163,0
0,0.47085997462272644,0
1,0.46719127893447876,0
0,0.47247669100761414,0
1,0.47018539905548096,0
1,0.4727352261543274,0
1,0.46985548734664917,0
1,0.47290435433387756,0
0,0.47110751271247864,0
0,0.4624955952167511,0
0,0.46682503819465637,0
1,0.46248701214790344,0
1,0.470693975687027,0
1,0.47020232677459717,0
0,0.4712131917476654,0
0,0.4674583971500397,0
0,0.47317466139793396,0
0,0.47298187017440796,0
1,0.4726523756980896,0
1,0.47335800528526306,0
1,0.4727359116077423,0
1,0.4582388699054718,0
0,0.4690892696380615,0
0,0.472633957862854,0
1,0.4640834927558899,0
0,0.4677203893661499,0
1,0.46834102272987366,0
0,0.4697326719760895,0
0,0.4690750539302826,0
1,0.4690471589565277,0
1,0.47126588225364685,0
1,0.46256887912750244,0
0,0.4607298672199249,0
1,0.47054705023765564,0
0,0.47245103120803833,0
1,0.46670791506767273,0
0,0.46976789832115173,0
1,0.4722612202167511,0
1,0.4712587893009186,0
0,0.47052404284477234,0
0,0.4635930061340332,0
0,0.4629831314086914,0
1,0.4739627540111542,0
0,0.4717719852924347,0
0,0.4727762043476105,0
0,0.47110486030578613,0
0,0.47160542011260986,0
1,0.4597633183002472,0
1,0.4736250340938568,0
1,0.4692361652851105,0
0,0.4723289906978607,0
1,0.4679560363292694,0
1,0.47062647342681885,0
1,0.47331419587135315,0
1,0.47237759828567505,0
1,0.46211981773376465,0
0,0.4670952260494232,0
0,0.47319886088371277,0
0,0.46868228912353516,0
0,0.47027239203453064,0
1,0.46788400411605835,0
0,0.47252166271209717,0
0,0.4737919569015503,0
1,0.47062820196151733,0
1,0.46107932925224304,0
0,0.46970614790916443,0
0,0.4657629728317261,0
0,0.46577179431915283,0
0,0.470449835062027,0
1,0.4703431725502014,0
0,0.4736131727695465,0
0,0.47012463212013245,0
1,0.46996182203292847,0
1,0.4690195620059967,0
0,0.46323704719543457,0
1,0.46966859698295593,0
0,0.4614885747432709,0
0,0.4564637541770935,0
1,0.4725719690322876,0
0,0.46985915303230286,0
1,0.4658959209918976,0
0,0.4686853885650635,0
1,0.4707624316215515,0
1,0.4695393443107605,0
1,0.4699789881706238,0
1,0.47319504618644714,0
1,0.4726282060146332,0
1,0.45787036418914795,0
1,0.4713519811630249,0
0,0.4734644293785095,0
0,0.46674853563308716,0
1,0.46864527463912964,0
1,0.4730173647403717,0
1,0.46460655331611633,0
0,0.4704790711402893,0
1,0.46423888206481934,0
0,0.46581602096557617,0
0,0.4656282663345337,0
1,0.47095757722854614,0
0,0.46889203786849976,0
0,0.47158655524253845,0
0,0.4722805917263031,0
1,0.46130985021591187,0
1,0.4594731032848358,0
1,0.46960192918777466,0
0,0.47269749641418457,0
1,0.4711332321166992,0
1,0.4727764129638672,0
1,0.4672096371650696,0
0,0.47270703315734863,0
0,0.4725970923900604,0
0,0.4547417461872101,0
0,0.47204485535621643,0
1,0.47074827551841736,0
1,0.46434614062309265,0
1,0.46615591645240784,0
0,0.4686952233314514,0
0,0.4688373804092407,0
0,0.46297162771224976,0
0,0.4697950482368469,0
1,0.4683798551559448,0
1,0.46760618686676025,0
0,0.47296181321144104,0
0,0.4654827415943146,0
1,0.46300622820854187,0
0,0.46425387263298035,0
1,0.47294944524765015,0
1,0.46248435974121094,0
1,0.4662179946899414,0
0,0.4710131287574768,0
1,0.4727307856082916,0
1,0.45686769485473633,0
1,0.45802515745162964,0
1,0.4662891924381256,0
0,0.46557214856147766,0
0,0.4713514745235443,0
1,0.4601455628871918,0
0,0.4706636369228363,0
0,0.4557743966579437,0
1,0.4731294512748718,0
0,0.4706484377384186,0
0,0.4643262028694153,0
0,0.4724608063697815,0
1,0.4726980924606323,0
1,0.47390374541282654,0
0,0.4688307046890259,0
1,0.4610987901687622,0
1,0.47265154123306274,0
1,0.47088611125946045,0
1,0.4623384177684784,0
0,0.4660441279411316,0
1,0.4707499146461487,0
1,0.473201721906662,0
0,0.4704987704753876,0
0,0.4608789086341858,0
1,0.46363508701324463,0
1,0.45945125818252563,0
1,0.45861491560935974,0
1,0.4583998918533325,0
1,0.47058776021003723,0
0,0.46279177069664,0
0,0.46968594193458557,0
0,0.4730641841888428,0
1,0.47185012698173523,0
0,0.45635807514190674,0
0,0.47255733609199524,0
1,0.46219080686569214,0
0,0.46965229511260986,0
0,0.47316819429397583,0
1,0.4710276126861572,0
0,0.466322124004364,0
1,0.47150683403015137,0
0,0.47364091873168945,0
0,0.4731577932834625,0
0,0.4701468348503113,0
1,0.46322187781333923,0
1,0.4647248089313507,0
1,0.4716480076313019,0
1,0.46980005502700806,0
1,0.4724443256855011,0
0,0.4723140299320221,0
0,0.4721604287624359,0
1,0.47271960973739624,0
0,0.46712425351142883,0
1,0.47241079807281494,0
1,0.46968621015548706,0
1,0.4727538824081421,0
1,0.46863994002342224,0
0,0.4540400505065918,0
1,0.4703281819820404,0
0,0.4705437421798706,0
1,0.47127360105514526,0
1,0.46546581387519836,0
0,0.45615220069885254,0
1,0.4627455174922943,0
0,0.46389544010162354,0
0,0.46291384100914,0
0,0.4667021334171295,0
1,0.465534508228302,0
0,0.46943792700767517,0
0,0.46306702494621277,0
0,0.4734288454055786,0
1,0.4729689657688141,0
1,0.46625950932502747,0
0,0.465188592672348,0
1,0.473358690738678,0
1,0.4508447051048279,0
1,0.47256770730018616,0
0,0.46599081158638,0
0,0.4708036482334137,0
0,0.4706278443336487,0
0,0.4695051312446594,0
1,0.4646719694137573,0
0,0.466337114572525,0
1,0.47128206491470337,0
1,0.45012524724006653,0
1,0.47399669885635376,0
1,0.4735037684440613,0
1,0.47239452600479126,0
0,0.4735267460346222,0
1,0.4668786823749542,0
0,0.4726332724094391,0
1,0.46888265013694763,0
0,0.47199487686157227,0
0,0.46432772278785706,0
0,0.45898428559303284,0
1,0.46776720881462097,0
1,0.46894100308418274,0
0,0.4725905954837799,0
1,0.4645739793777466,0
1,0.45691657066345215,0
0,0.4727438986301422,0
0,0.4692179560661316,0
1,0.47211694717407227,0
0,0.4728096127510071,0
1,0.4647516906261444,0
1,0.46939384937286377,0
1,0.4580990970134735,0
1,0.46986863017082214,0
0,0.4723663330078125,0
1,0.4726678729057312,0
0,0.4593918025493622,0
0,0.47264817357063293,0
1,0.4609842598438263,0
0,0.47092780470848083,0
0,0.45339056849479675,0
1,0.4568924903869629,0
0,0.46936696767807007,0
1,0.4713338613510132,0
1,0.4717842638492584,0
1,0.4643896818161011,0
1,0.45501765608787537,0
1,0.47347795963287354,0
0,0.4698570668697357,0
1,0.4579952359199524,0
0,0.46965986490249634,0
1,0.4705033600330353,0
1,0.4700264036655426,0
0,0.46093693375587463,0
1,0.4660740792751312,0
0,0.4719441831111908,0
1,0.46523046493530273,0
0,0.4624261260032654,0
0,0.4714388847351074,0
1,0.4601716995239258,0
1,0.46785059571266174,0
1,0.4629872739315033,0
0,0.47248563170433044,0
0,0.46540164947509766,0
1,0.4709875285625458,0
1,0.4562870264053345,0
0,0.4522523880004883,0
0,0.46536949276924133,0
1,0.4647643566131592,0
1,0.466525137424469,0
1,0.4689296782016754,0
1,0.47123515605926514,0
0,0.4701700210571289,0
1,0.46977338194847107,0
0,0.47212550044059753,0
0,0.4672177731990814,0
0,0.4728296101093292,0
1,0.4622478783130646,0
1,0.46536582708358765,0
1,0.4734695553779602,0
0,0.45582878589630127,0
0,0.472522497177124,0
1,0.4730672240257263,0
0,0.47021350264549255,0
0,0.47259390354156494,0
1,0.45869678258895874,0
1,0.46640992164611816,0
0,0.4733819365501404,0
1,0.4590826630592346,0
0,0.46261394023895264,0
0,0.4730774760246277,0
1,0.47291532158851624,0
0,0.47069862484931946,0
0,0.4735245108604431,0
0,0.47160255908966064,0
1,0.46958521008491516,0
0,0.46993696689605713,0
0,0.4671322703361511,0
0,0.47059863805770874,0
0,0.4724183678627014,0
1,0.4595334231853485,0
1,0.4696558713912964,0
1,0.47150883078575134,0
0,0.47291895747184753,0
1,0.4728579521179199,0
0,0.46061503887176514,0
0,0.4720236659049988,0
1,0.47284024953842163,0
0,0.4661848247051239,0
1,0.46822255849838257,0
0,0.46972960233688354,0
0,0.47195523977279663,0
1,0.46134153008461,0
0,0.4703083038330078,0
1,0.4699501395225525,0
0,0.4729844331741333,0
1,0.47425901889801025,0
1,0.46543827652931213,0
1,0.4726211726665497,0
1,0.467367023229599,0
0,0.4696958363056183,0
0,0.46823370456695557,0
0,0.4606305956840515,0
1,0.45405247807502747,0
1,0.46421724557876587,0
0,0.46965256333351135,0
0,0.46449363231658936,0
1,0.4697194993495941,0
0,0.4727754592895508,0
0,0.4565722346305847,0
1,0.4664056599140167,0
0,0.46892958879470825,0
0,0.4592244625091553,0
0,0.47052255272865295,0
0,0.4737154543399811,0
1,0.47002992033958435,0
1,0.44945845007896423,0
1,0.45619240403175354,0
0,0.46982917189598083,0
1,0.4645041525363922,0
0,0.4691861867904663,0
0,0.4696519672870636,0
1,0.4668423533439636,0
1,0.4708271622657776,0
1,0.47308528423309326,0
1,0.46963536739349365,0
0,0.4696572422981262,0
1,0.46998247504234314,0
1,0.4727522134780884,0
1,0.46486911177635193,0
0,0.47241735458374023,0
1,0.469217985868454,0
0,0.47270873188972473,0
0,0.46232566237449646,0
1,0.4725317060947418,0
0,0.46385520696640015,0
1,0.46219295263290405,0
0,0.45641717314720154,0
0,0.4676429331302643,0
0,0.4610288441181183,0
0,0.4724767804145813,0
0,0.47328346967697144,0
0,0.472331166267395,0
0,0.4736292064189911,0
0,0.47280529141426086,0
0,0.4691390097141266,0
0,0.4689698815345764,0
0,0.46467044949531555,0
1,0.4674292504787445,0
0,0.4730554521083832,0
0,0.4630967676639557,0
1,0.47015875577926636,0
0,0.4653213620185852,0
0,0.4565052092075348,0
0,0.45853614807128906,0
0,0.47110506892204285,0
1,0.44910839200019836,0
0,0.456756055355072,0
0,0.4738021194934845,0
1,0.46770524978637695,0
0,0.4723476469516754,0
0,0.46605435013771057,0
1,0.4676656723022461,0
0,0.4699013829231262,0
0,0.47387900948524475,0
0,0.4725089967250824,0
1,0.4720660448074341,0
0,0.46867281198501587,0
0,0.47066497802734375,0
0,0.46967196464538574,0
0,0.4654029905796051,0
0,0.47321808338165283,0
0,0.4701560139656067,0
0,0.46107932925224304,0
1,0.4668833911418915,0
1,0.46965283155441284,0
1,0.4714316129684448,0
0,0.4696696400642395,0
0,0.4533386826515198,0
0,0.47059035301208496,0
0,0.4698322117328644,0
1,0.46876007318496704,0
0,0.473247766494751,0
1,0.4722685217857361,0
1,0.4627976417541504,0
0,0.4724668860435486,0
1,0.4699239134788513,0
0,0.4638097584247589,0
0,0.47376134991645813,0
1,0.4736640453338623,0
0,0.4623481333255768,0
0,0.46782398223876953,0
1,0.4682482182979584,0
1,0.4589695334434509,0
1,0.46214374899864197,0
0,0.47186121344566345,0
0,0.4727773666381836,0
0,0.4559739828109741,0
0,0.4717210531234741,0
1,0.47319746017456055,0
0,0.465606153011322,0
1,0.4726789593696594,0
0,0.4729365408420563,0
0,0.4610961675643921,0
1,0.4701690673828125,0
0,0.4629206955432892,0
1,0.4726980924606323,0
0,0.4701504111289978,0
0,0.45772475004196167,0
0,0.46717533469200134,0
0,0.47146230936050415,0
0,0.4739876091480255,0
1,0.47144046425819397,0
0,0.45626315474510193,0
1,0.4726598858833313,0
0,0.4651525616645813,0
1,0.47322362661361694,0
1,0.4594596326351166,0
0,0.4723298251628876,0
0,0.43448981642723083,0
1,0.4567771852016449,0
1,0.4739077091217041,0
1,0.45522382855415344,0
1,0.4700160622596741,0
1,0.45669636130332947,0
0,0.45483729243278503,0
1,0.47340548038482666,0
0,0.47257983684539795,0
1,0.47248780727386475,0
0,0.47036680579185486,0
1,0.470084547996521,0
0,0.4736926555633545,0
0,0.4588041603565216,0
0,0.47219401597976685,0
1,0.469694584608078,0
0,0.47064897418022156,0
1,0.46858763694763184,0
0,0.4559272825717926,0
0,0.45512181520462036,0
0,0.46682873368263245,0
1,0.47379612922668457,0
0,0.4687040448188782,0
1,0.4700888693332672,0
0,0.47125428915023804,0
1,0.4671831429004669,0
1,0.47168445587158203,0
1,0.46680232882499695,0
0,0.4580281674861908,0
0,0.47051379084587097,0
1,0.46551477909088135,0
0,0.45932286977767944,0
1,0.4636106491088867,0
0,0.47266265749931335,0
1,0.46244144439697266,0
0,0.47011446952819824,0
1,0.46387988328933716,0
0,0.4716379940509796,0
0,0.4659295678138733,0
1,0.45380714535713196,0
1,0.47125697135925293,0
1,0.4724441170692444,0
1,0.4739319980144501,0
0,0.4695967733860016,0
0,0.46883028745651245,0
1,0.4715553820133209,0
1,0.4679751396179199,0
0,0.46821388602256775,0
1,0.467678964138031,0
1,0.4736168086528778,0
0,0.4643291234970093,0
0,0.4654969573020935,0
0,0.473768413066864,0
1,0.47106045484542847,0
1,0.46834689378738403,0
1,0.46371355652809143,0
0,0.46863406896591187,0
1,0.47064968943595886,0
0,0.46428266167640686,0
1,0.4682462513446808,0
1,0.47022441029548645,0
0,0.46964576840400696,0
0,0.4658679664134979,0
0,0.469982773065567,0
1,0.47191378474235535,0
0,0.4659496545791626,0
1,0.47262394428253174,0
1,0.472563773393631,0
0,0.469692200422287,0
1,0.4705107510089874,0
0,0.473765105009079,0
1,0.47206753492355347,0
0,0.47008147835731506,0
1,0.4628084599971771,0
0,0.46463140845298767,0
0,0.46495282649993896,0
1,0.4623814821243286,0
0,0.4685806632041931,0
1,0.4729204475879669,0
0,0.4705996513366699,0
1,0.4671737253665924,0
0,0.4683022201061249,0
1,0.46546119451522827,0
0,0.4526788890361786,0
1,0.46904221177101135,0
0,0.47117385268211365,0
1,0.4634518325328827,0
1,0.46718013286590576,0
1,0.4698035717010498,0
1,0.46961721777915955,0
1,0.4724917411804199,0
1,0.4708452522754669,0
1,0.45940104126930237,0
1,0.44868138432502747,0
1,0.4691130220890045,0
0,0.47395074367523193,0
1,0.4719167947769165,0
0,0.4611029624938965,0
1,0.4724509119987488,0
1,0.4724021852016449,0
1,0.47298464179039,0
1,0.4611446261405945,0
1,0.4684019088745117,0
1,0.46298685669898987,0
0,0.4667540192604065,0
1,0.47211673855781555,0
1,0.46612897515296936,0
0,0.46049848198890686,0
0,0.46568772196769714,0
0,0.4628657102584839,0
0,0.47286924719810486,0
0,0.46111956238746643,0
1,0.4705481231212616,0
1,0.4527984857559204,0
1,0.4657367467880249,0
1,0.46307018399238586,0
0,0.47188812494277954,0
0,0.46083393692970276,0
0,0.47037962079048157,0
1,0.4727683663368225,0
0,0.46844878792762756,0
1,0.47189608216285706,0
1,0.4700562059879303,0
0,0.4609958231449127,0
0,0.4696536064147949,0
1,0.45497530698776245,0
0,0.47368189692497253,0
0,0.4734247326850891,0
1,0.46230748295783997,0
0,0.47343748807907104,0
1,0.46868959069252014,0
0,0.46956518292427063,0
1,0.4690803587436676,0
0,0.47017091512680054,0
0,0.4642867147922516,0
1,0.4691048562526703,0
1,0.4605652689933777,0
0,0.47238823771476746,0
1,0.46631962060928345,0
1,0.4734630584716797,0
0,0.4706275165081024,0
0,0.4715481698513031,0
0,0.4549303352832794,0
0,0.471163809299469,0
1,0.45406100153923035,0
0,0.4703481197357178,0
0,0.4710557460784912,0
0,0.47268807888031006,0
1,0.473153680562973,0
0,0.46502166986465454,0
1,0.4522766172885895,0
1,0.4726247489452362,0
1,0.4721147119998932,0
0,0.47278568148612976,0
0,0.47203028202056885,0
0,0.47264930605888367,0
0,0.47225940227508545,0
1,0.46536049246788025,0
1,0.46712788939476013,0
0,0.46669045090675354,0
0,0.4656333923339844,0
1,0.4729537069797516,0
0,0.46963462233543396,0
1,0.467392235994339,0
1,0.46965551376342773,0
1,0.47341498732566833,0
0,0.47352081537246704,0
0,0.4729490280151367,0
0,0.45004361867904663,0
0,0.4731168746948242,0
1,0.47404322028160095,0
0,0.46673211455345154,0
0,0.4698905348777771,0
1,0.470344603061676,0
0,0.46451637148857117,0
1,0.46975240111351013,0
1,0.47329452633857727,0
1,0.4705866575241089,0
0,0.47171643376350403,0
0,0.4655531346797943,0
1,0.4711047410964966,0
0,0.4671623408794403,0
1,0.4733808636665344,0
1,0.4656079113483429,0
1,0.4734928607940674,0
0,0.4731541574001312,0
1,0.4668568968772888,0
0,0.4697790741920471,0
0,0.4726316034793854,0
1,0.46519777178764343,0
1,0.4687478244304657,0
0,0.47101151943206787,0
0,0.47294944524765015,0
1,0.46446120738983154,0
1,0.472623735666275,0
0,0.4702485501766205,0
0,0.4642549455165863,0
0,0.4726044535636902,0
0,0.4650561213493347,0
1,0.4722418785095215,0
0,0.47200560569763184,0
1,0.47369858622550964,0
0,0.4653654098510742,0
1,0.4723859131336212,0
0,0.4725983738899231,0
1,0.4687718152999878,0
1,0.4530313313007355,0
1,0.47173410654067993,0
1,0.4717370867729187,0
1,0.47063755989074707,0
0,0.4554693102836609,0
1,0.469486802816391,0
0,0.47237950563430786,0
1,0.46595579385757446,0
1,0.47235962748527527,0
1,0.4720422923564911,0
1,0.47131797671318054,0
0,0.47210168838500977,0
1,0.46518898010253906,0
1,0.4711596369743347,0
0,0.46964210271835327,0
1,0.4609517455101013,0
1,0.46965208649635315,0
0,0.46983927488327026,0
0,0.46436864137649536,0
0,0.45366573333740234,0
1,0.4610152542591095,0
0,0.45858994126319885,0
1,0.4686959683895111,0
1,0.4679601192474365,0
0,0.4625126123428345,0
1,0.47200989723205566,0
1,0.46952179074287415,0
1,0.4606557786464691,0
1,0.47426339983940125,0
0,0.4565528929233551,0
1,0.47392162680625916,0
1,0.4651734232902527,0
1,0.4667089581489563,0
0,0.462177574634552,0
1,0.4665312170982361,0
0,0.47212934494018555,0
0,0.4698885381221771,0
1,0.4728604555130005,0
1,0.469869464635849,0
0,0.45559242367744446,0
1,0.46233686804771423,0
0,0.4554319381713867,0
1,0.4716099798679352,0
0,0.46575257182121277,0
0,0.47134700417518616,0
1,0.4698193073272705,0
1,0.456052303314209,0
1,0.4708137512207031,0
1,0.46736109256744385,0
1,0.4700867533683777,0
1,0.4558429419994354,0
0,0.4574735462665558,0
1,0.4713881313800812,0
1,0.4698633849620819,0
0,0.4655556380748749,0
0,0.46874532103538513,0
1,0.46236613392829895,0
1,0.46383723616600037,0
1,0.46073973178863525,0
1,0.47380343079566956,0
0,0.459181010723114,0
1,0.45547208189964294,0
1,0.46352440118789673,0
0,0.47108009457588196,0
1,0.4710296094417572,0
1,0.46965739130973816,0
1,0.47122257947921753,0
1,0.4725009500980377,0
1,0.4696468114852905,0
1,0.47241538763046265,0
0,0.47241687774658203,0
0,0.4717850387096405,0
1,0.472241073846817,0
0,0.4655832052230835,0
0,0.4700184762477875,0
1,0.45436546206474304,0
1,0.4594901204109192,0
0,0.4703015089035034,0
0,0.47181838750839233,0
0,0.4564701318740845,0
1,0.46965134143829346,0
0,0.47191116213798523,0
1,0.4551074504852295,0
1,0.4727998673915863,0
0,0.46473315358161926,0
1,0.46972939372062683,0
1,0.4530428349971771,0
1,0.46826305985450745,0
0,0.4706036448478699,0
0,0.46898767352104187,0
1,0.4622856676578522,0
1,0.4691135585308075,0
1,0.4716610014438629,0
1,0.4737766683101654,0
0,0.4587447941303253,0
0,0.47129395604133606,0
1,0.45040830969810486,0
1,0.4656853973865509,0
1,0.45966270565986633,0
0,0.46908044815063477,0
1,0.4716953933238983,0
1,0.4737164080142975,0
1,0.4708198606967926,0
1,0.46810299158096313,0
1,0.47090545296669006,0
1,0.4695781469345093,0
1,0.47246429324150085,0
1,0.47254130244255066,0
0,0.4599413573741913,0
1,0.4609527587890625,0
1,0.47092491388320923,0
0,0.4732223451137543,0
1,0.47302648425102234,0
1,0.4733196496963501,0
1,0.465444952249527,0
1,0.47096261382102966,0
1,0.47291064262390137,0
0,0.4610099494457245,0
1,0.4689662754535675,0
1,0.47307246923446655,0
1,0.4704687297344208,0
0,0.4704361855983734,0
1,0.47041964530944824,0
0,0.47148314118385315,0
1,0.4616137146949768,0
1,0.4733661115169525,0
0,0.46197089552879333,0
1,0.4710204303264618,0
0,0.47162139415740967,0
1,0.4640084207057953,0
0,0.46966639161109924,0
1,0.4683392643928528,0
1,0.4706078767776489,0
1,0.472746342420578,0
1,0.45722469687461853,0
1,0.46149158477783203,0
0,0.47253575921058655,0
0,0.47251272201538086,0
1,0.45488929748535156,0
1,0.47327467799186707,0
0,0.4598644971847534,0
0,0.4733739197254181,0
0,0.4706341326236725,0
0,0.4704684019088745,0
0,0.46340328454971313,0
0,0.4605802595615387,0
0,0.4723376929759979,0
0,0.4648239016532898,0
1,0.4508345425128937,0
1,0.47039422392845154,0
0,0.4725811183452606,0
1,0.4725758135318756,0
0,0.46432849764823914,0
0,0.47266942262649536,0
0,0.4575231373310089,0
1,0.4695526957511902,0
0,0.4728463292121887,0
1,0.4709223806858063,0
0,0.4640193283557892,0
1,0.4731981158256531,0
1,0.4681016504764557,0
1,0.4727674424648285,0
0,0.4692259728908539,0
1,0.4546717405319214,0
1,0.46481698751449585,0
0,0.47272616624832153,0
1,0.4681413471698761,0
1,0.463905394077301,0
0,0.46142736077308655,0
1,0.4589878022670746,0
1,0.47269004583358765,0
0,0.4724438488483429,0
1,0.47093653678894043,0
1,0.4692102372646332,0
1,0.46989041566848755,0
1,0.46875467896461487,0
0,0.46981969475746155,0
1,0.47226229310035706,0
0,0.46219509840011597,0
0,0.47396376729011536,0
1,0.4660065472126007,0
1,0.47315871715545654,0
0,0.4729798436164856,0
0,0.45454141497612,0
1,0.4644988179206848,0
0,0.4722079634666443,0
1,0.4666789770126343,0
0,0.46130576729774475,0
0,0.4700517952442169,0
0,0.4728606343269348,0
0,0.47083091735839844,0
1,0.4726759195327759,0
1,0.4704011380672455,0
1,0.47256162762641907,0
1,0.4726622998714447,0
0,0.47321656346321106,0
0,0.46982067823410034,0
1,0.47207528352737427,0
0,0.4738059937953949,0
1,0.457616925239563,0
1,0.4702084958553314,0
1,0.47224926948547363,0
1,0.4661574065685272,0
0,0.4729320704936981,0
0,0.47288423776626587,0
1,0.4725436568260193,0
1,0.4644744396209717,0
1,0.4682426452636719,0
0,0.46497848629951477,0
1,0.47052595019340515,0
1,0.47038134932518005,0
0,0.47185373306274414,0
1,0.4719114303588867,0
1,0.4693867564201355,0
0,0.4702222943305969,0
1,0.4668086767196655,0
1,0.4650648534297943,0
1,0.47310107946395874,0
0,0.47263821959495544,0
0,0.4645574688911438,0
0,0.4719272553920746,0
1,0.46299469470977783,0
0,0.47207045555114746,0
1,0.4727247357368469,0
1,0.4717749059200287,0
1,0.45439764857292175,0
1,0.46362119913101196,0
1,0.46379077434539795,0
0,0.4715302884578705,0
0,0.4564838409423828,0
1,0.472878098487854,0
1,0.47279974818229675,0
1,0.4687541127204895,0
0,0.4694805443286896,0
0,0.4656073749065399,0
0,0.4711610972881317,0
1,0.46730339527130127,0
0,0.46969637274742126,0
1,0.47113555669784546,0
1,0.47117555141448975,0
1,0.4713198244571686,0
0,0.46733009815216064,0
0,0.4724435806274414,0
1,0.46891847252845764,0
0,0.4683755040168762,0
1,0.4701087176799774,0
0,0.4696846902370453,0
0,0.4734666347503662,0
0,0.4726771116256714,0
0,0.4707234799861908,0
1,0.4703308343887329,0
1,0.46896275877952576,0
0,0.45896634459495544,0
1,0.47342076897621155,0
1,0.442877858877182,0
1,0.4562538266181946,0
0,0.46368494629859924,0
1,0.4551807641983032,0
1,0.4653981328010559,0
0,0.4729195833206177,0
1,0.47025203704833984,0
1,0.470330148935318,0
1,0.46740853786468506,0
0,0.4608806073665619,0
0,0.47145870327949524,0
0,0.47060659527778625,0
1,0.46965277194976807,0
1,0.46930715441703796,0
0,0.47079887986183167,0
0,0.4662705361843109,0
0,0.4647410809993744,0
1,0.4623253643512726,0
1,0.47012853622436523,0
0,0.4654165208339691,0
0,0.46965649724006653,0
0,0.46171194314956665,0
0,0.461433082818985,0
0,0.46186113357543945,0
0,0.4697934687137604,0
1,0.4693981111049652,0
0,0.4719608724117279,0
0,0.47275498509407043,0
0,0.46523183584213257,0
1,0.47181403636932373,0
1,0.47270467877388,0
0,0.46122094988822937,0
1,0.4549608528614044,0
0,0.4731987416744232,0
0,0.4680303931236267,0
0,0.4739725589752197,0
0,0.46640047430992126,0
0,0.4704480469226837,0
1,0.4537416100502014,0
1,0.4716751277446747,0
1,0.4740946590900421,0
1,0.4669340252876282,0
1,0.4611010253429413,0
1,0.4719158411026001,0
1,0.47234079241752625,0
1,0.4617116451263428,0
1,0.4677424430847168,0
1,0.47113344073295593,0
0,0.456967294216156,0
1,0.47303810715675354,0
1,0.47171851992607117,0
0,0.469652384519577,0
1,0.47347211837768555,0
0,0.46965712308883667,0
0,0.46765223145484924,0
0,0.47217467427253723,0
0,0.45222339034080505,0
0,0.45474186539649963,0
0,0.46433204412460327,0
0,0.46902531385421753,0
0,0.47238004207611084,0
1,0.4727071523666382,0
1,0.47106602787971497,0
1,0.4639339745044708,0
1,0.4605461061000824,0
0,0.46323296427726746,0
1,0.47114306688308716,0
0,0.4698926508426666,0
1,0.471903532743454,0
0,0.46263930201530457,0
0,0.4551886022090912,0
1,0.473518431186676,0
0,0.4602609872817993,0
0,0.4643552303314209,0
0,0.46531882882118225,0
0,0.46815332770347595,0
0,0.4521544575691223,0
1,0.47016212344169617,0
0,0.4694952070713043,0
1,0.46880269050598145,0
0,0.46892085671424866,0
0,0.45523515343666077,0
0,0.4720425605773926,0
0,0.4692416191101074,0
0,0.4724234640598297,0
1,0.47049322724342346,0
1,0.4597313702106476,0
0,0.4679103195667267,0
0,0.4723263680934906,0
1,0.4655285179615021,0
0,0.4570706784725189,0
0,0.471404105424881,0
0,0.4705769419670105,0
1,0.4727722108364105,0
0,0.47398102283477783,0
0,0.45201873779296875,0
0,0.46252894401550293,0
0,0.4704626202583313,0
0,0.47355425357818604,0
1,0.4596799910068512,0
0,0.46420779824256897,0
0,0.4695969820022583,0
1,0.4710788130760193,0
0,0.470048189163208,0
1,0.47263363003730774,0
1,0.47267332673072815,0
0,0.47333234548568726,0
1,0.4698636829853058,0
1,0.4687458276748657,0
1,0.4531501233577728,0
0,0.4540225565433502,0
0,0.47042736411094666,0
0,0.4731845557689667,0
0,0.45380303263664246,0
0,0.4692058265209198,0
1,0.4573098421096802,0
1,0.46466588973999023,0
0,0.4600173234939575,0
0,0.4691893756389618,0
0,0.47277534008026123,0
0,0.47267910838127136,0
0,0.4726579189300537,0
0,0.4707098603248596,0
0,0.4707299470901489,0
0,0.4714912474155426,0
1,0.4739518165588379,0
1,0.4699121117591858,0
1,0.47013580799102783,0
0,0.472328245639801,0
0,0.4729122221469879,0
0,0.46902793645858765,0
0,0.4649953842163086,0
0,0.47263917326927185,0
1,0.4552563428878784,0
0,0.47232529520988464,0
1,0.46750396490097046,0
0,0.4727551341056824,0
0,0.47139543294906616,0
1,0.4588020443916321,0
1,0.46975570917129517,0
1,0.4619622528553009,0
0,0.4651500880718231,0
1,0.4726773202419281,0
0,0.4678325355052948,0
0,0.461293488740921,0
0,0.4737948477268219,0
0,0.4699684977531433,0
0,0.46255820989608765,0
1,0.45216497778892517,0
0,0.4626176059246063,0
1,0.4721461832523346,0
1,0.4651268720626831,0
1,0.4696846902370453,0
0,0.47058209776878357,0
1,0.46603062748908997,0
1,0.4557749927043915,0
1,0.4733361005783081,0
0,0.4722253978252411,0
1,0.46872246265411377,0
0,0.47134849429130554,0
0,0.4705749452114105,0
1,0.46596068143844604,0
0,0.46449676156044006,0
1,0.4718998670578003,0
1,0.45311281085014343,0
0,0.47032880783081055,0
0,0.46489644050598145,0
0,0.47239431738853455,0
0,0.4696497619152069,0
0,0.4700106978416443,0
1,0.47389838099479675,0
0,0.4725777208805084,0
0,0.464178204536438,0
1,0.46992096304893494,0
1,0.4612716734409332,0
1,0.47263267636299133,0
0,0.46457141637802124,0
0,0.47012078762054443,0
0,0.4700242877006531,0
1,0.46377867460250854,0
1,0.4609183669090271,0
0,0.4632502496242523,0
1,0.47298064827919006,0
1,0.4702213704586029,0
0,0.4630836844444275,0
1,0.4625539183616638,0
1,0.4705308973789215,0
0,0.4727136492729187,0
1,0.46974602341651917,0
1,0.4522508680820465,0
0,0.47373297810554504,0
0,0.4663671851158142,0
0,0.46682944893836975,0
1,0.47143319249153137,0
0,0.4652973711490631,0
1,0.4738154113292694,0
0,0.47035160660743713,0
1,0.4610869288444519,0
0,0.46850958466529846,0
0,0.4685221016407013,0
1,0.4723397195339203,0
1,0.4625299572944641,0
1,0.47292760014533997,0
1,0.47177794575691223,0
0,0.47180038690567017,0
1,0.46539825201034546,0
1,0.47263652086257935,0
0,0.4653809070587158,0
1,0.4705442190170288,0
1,0.47259923815727234,0
1,0.4616857171058655,0
0,0.47147178649902344,0
1,0.4696642756462097,0
1,0.4648534655570984,0
0,0.46281352639198303,0
1,0.4710935354232788,0
0,0.47295963764190674,0
0,0.46075430512428284,0
1,0.4469608664512634,0
1,0.46461957693099976,0
0,0.4647381007671356,0
0,0.4642167389392853,0
1,0.47274598479270935,0
0,0.45734912157058716,0
0,0.47134336829185486,0
0,0.4699981212615967,0
0,0.459647536277771,0
0,0.4706955552101135,0
0,0.4659316837787628,0
0,0.4726708233356476,0
0,0.4742179214954376,0
0,0.4696378707885742,0
1,0.47264471650123596,0
0,0.45866480469703674,0
0,0.4705558717250824,0
0,0.45595255494117737,0
0,0.4553441107273102,0
0,0.47254666686058044,0
0,0.4654387831687927,0
0,0.4694768190383911,0
0,0.4714333117008209,0
1,0.4701714813709259,0
1,0.464521199464798,0
0,0.4718050956726074,0
1,0.46459847688674927,0
1,0.46715837717056274,0
1,0.4700469970703125,0
0,0.464326411485672,0
0,0.4718589782714844,0
0,0.4632834196090698,0
1,0.46502363681793213,0
1,0.46949532628059387,0
0,0.4727521240711212,0
0,0.46965229511260986,0
1,0.4691318869590759,0
1,0.4704775810241699,0
0,0.4605981111526489,0
1,0.4716092050075531,0
0,0.47099947929382324,0
0,0.45813292264938354,0
1,0.4739971458911896,0
1,0.46384894847869873,0
1,0.4612855613231659,0
1,0.4706662893295288,0
0,0.4531280994415283,0
0,0.4739711582660675,0
0,0.47303256392478943,0
0,0.4738301932811737,0
0,0.4652876555919647,0
1,0.4728841781616211,0
1,0.46938517689704895,0
1,0.4601294994354248,0
0,0.4740772843360901,0
1,0.4726157486438751,0
1,0.4630613923072815,0
1,0.4715883433818817,0
1,0.4726695418357849,0
1,0.4701796770095825,0
1,0.4702165126800537,0
1,0.46498429775238037,0
0,0.47189363837242126,0
0,0.4705703854560852,0
1,0.47172412276268005,0
1,0.4737420976161957,0
0,0.4726533889770508,0
0,0.47264227271080017,0
1,0.4739762544631958,0
0,0.45687466859817505,0
0,0.4721909463405609,0
1,0.46980807185173035,0
0,0.4669714570045471,0
1,0.4610375165939331,0
0,0.46971240639686584,0
0,0.4702697992324829,0
1,0.4701312184333801,0
0,0.46958109736442566,0
0,0.47167032957077026,0
1,0.4582817852497101,0
1,0.4637254476547241,0
0,0.47289496660232544,0
1,0.4728759229183197,0
0,0.457844078540802,0
0,0.4627014100551605,0
0,0.4584784507751465,0
0,0.459782212972641,0
0,0.45531901717185974,0
0,0.47227099537849426,0
0,0.47398191690444946,0
1,0.4733539819717407,0
0,0.47087833285331726,0
1,0.47162875533103943,0
0,0.4680432379245758,0
1,0.4639573097229004,0
1,0.47254258394241333,0
1,0.4648861289024353,0
0,0.45838385820388794,0
1,0.469475120306015,0
0,0.47063469886779785,0
1,0.4730069935321808,0
0,0.47096550464630127,0
1,0.47241032123565674,0
0,0.4738955497741699,0
0,0.469768762588501,0
1,0.471000999212265,0
1,0.4609585106372833,0
1,0.4710196852684021,0
1,0.470933198928833,0
0,0.4693967401981354,0
1,0.4672849476337433,0
1,0.45524123311042786,0
0,0.4644300639629364,0
1,0.4565085768699646,0
1,0.4722549021244049,0
0,0.4708341956138611,0
1,0.45939671993255615,0
0,0.473690927028656,0
1,0.4727703928947449,0
0,0.47322383522987366,0
1,0.46709537506103516,0
0,0.4620344638824463,0
0,0.46650853753089905,0
1,0.47059425711631775,0
0,0.47062990069389343,0
0,0.45881548523902893,0
1,0.47288504242897034,0
1,0.4679059088230133,0
0,0.4684033691883087,0
0,0.4718744158744812,0
1,0.469493567943573,0
0,0.4535021185874939,0
0,0.472084105014801,0
1,0.4705381989479065,0
0,0.4618396461009979,0
0,0.4587709307670593,0
1,0.4633727967739105,0
0,0.4592030346393585,0
1,0.4611453711986542,0
0,0.4608655273914337,0
0,0.4709004759788513,0
1,0.46141886711120605,0
1,0.4634004235267639,0
1,0.47389379143714905,0
1,0.4701158404350281,0
0,0.46720319986343384,0
0,0.46416330337524414,0
0,0.47166717052459717,0
0,0.46264374256134033,0
1,0.4715791940689087,0
0,0.4735918939113617,0
0,0.46603357791900635,0
1,0.4713088870048523,0
1,0.4671773314476013,0
1,0.4722442030906677,0
1,0.45815664529800415,0
1,0.4643206298351288,0
1,0.4565753638744354,0
0,0.4696519672870636,0
1,0.46746280789375305,0
1,0.4705556035041809,0
0,0.4727878272533417,0
1,0.47177761793136597,0
1,0.45998334884643555,0
0,0.47277066111564636,0
1,0.47256410121917725,0
0,0.47389325499534607,0
0,0.4635864496231079,0
0,0.4711313247680664,0
0,0.4697275161743164,0
1,0.47302743792533875,0
0,0.46956169605255127,0
1,0.4601912796497345,0
1,0.472563236951828,0
0,0.45739367604255676,0
1,0.4726506173610687,0
0,0.47430336475372314,0
0,0.47041964530944824,0
0,0.46884864568710327,0
1,0.46600353717803955,0
0,0.47206008434295654,0
1,0.4729688763618469,0
1,0.4570009112358093,0
1,0.4653361439704895,0
1,0.47301536798477173,0
0,0.4697056710720062,0
1,0.4595370590686798,0
0,0.45349377393722534,0
1,0.4653403162956238,0
0,0.46483170986175537,0
0,0.46278390288352966,0
0,0.4726438522338867,0
1,0.45742884278297424,0
0,0.4727528691291809,0
0,0.47107744216918945,0
1,0.47260209918022156,0
0,0.47317829728126526,0
1,0.4721115827560425,0
1,0.47307875752449036,0
0,0.46734505891799927,0
1,0.46877360343933105,0
1,0.4646655023097992,0
1,0.46589723229408264,0
0,0.47024771571159363,0
1,0.472824364900589,0
1,0.46810102462768555,0
1,0.45781558752059937,0
0,0.4698871672153473,0
1,0.47311845421791077,0
0,0.46412375569343567,0
0,0.4557836949825287,0
1,0.4739663898944855,0
1,0.4593166410923004,0
1,0.4726634621620178,0
0,0.4729374051094055,0
0,0.4696747064590454,0
1,0.45609188079833984,0
1,0.47395750880241394,0
0,0.4703320264816284,0
1,0.4633145332336426,0
1,0.4725276231765747,0
1,0.47396162152290344,0
0,0.4726235568523407,0
1,0.4697170853614807,0
1,0.45959118008613586,0
1,0.4705471694469452,0
0,0.4721018671989441,0
0,0.4695938229560852,0
0,0.4712614417076111,0
1,0.4705039858818054,0
1,0.4728761911392212,0
0,0.4666537940502167,0
1,0.4628160893917084,0
1,0.46952399611473083,0
0,0.47288012504577637,0
0,0.47332483530044556,0
1,0.46621325612068176,0
0,0.4622930586338043,0
0,0.4574948251247406,0
1,0.46548521518707275,0
0,0.4659741222858429,0
0,0.4728800356388092,0
0,0.46241146326065063,0
0,0.461848646402359,0
1,0.4728894531726837,0
0,0.4740111827850342,0
0,0.4696897268295288,0
1,0.4702034294605255,0
0,0.4701012969017029,0
1,0.4706200361251831,0
1,0.46889978647232056,0
1,0.4576350450515747,0
1,0.4624171555042267,0
1,0.46613696217536926,0
1,0.4727267622947693,0
1,0.4625090956687927,0
1,0.47196054458618164,0
0,0.46639662981033325,0
1,0.46769440174102783,0
0,0.4643417298793793,0
1,0.47275179624557495,0
0,0.47148042917251587,0
0,0.4644434154033661,0
0,0.4703848361968994,0
0,0.47264695167541504,0
1,0.4705985188484192,0
0,0.4582946002483368,0
1,0.46175098419189453,0
0,0.4739728271961212,0
1,0.4726831614971161,0
0,0.45635786652565,0
1,0.4638320207595825,0
0,0.4502565860748291,0
1,0.4696483016014099,0
1,0.46361708641052246,0
1,0.4692651331424713,0
0,0.4703705906867981,0
1,0.46508514881134033,0
1,0.46562039852142334,0
0,0.4731751084327698,0
0,0.47146135568618774,0
0,0.47050708532333374,0
1,0.47022831439971924,0
0,0.4737319350242615,0
0,0.470686674118042,0
0,0.4731263518333435,0
1,0.47362279891967773,0
0,0.45262226462364197,0
1,0.46795839071273804,0
1,0.4713049530982971,0
1,0.47179141640663147,0
1,0.4724082946777344,0
1,0.47199878096580505,0
0,0.4729594886302948,0
0,0.4697907865047455,0
0,0.4635433256626129,0
1,0.4732110798358917,0
1,0.4626048505306244,0
1,0.46186405420303345,0
0,0.47262856364250183,0
1,0.471674382686615,0
0,0.4712650179862976,0
1,0.4713476598262787,0
0,0.470491886138916,0
0,0.4729246497154236,0
0,0.45671316981315613,0
1,0.46567943692207336,0
1,0.4691314995288849,0
0,0.46545708179473877,0
1,0.45447978377342224,0
0,0.47180140018463135,0
0,0.46873095631599426,0
1,0.4636090099811554,0
0,0.47096413373947144,0
0,0.47243398427963257,0
1,0.4739367365837097,0
0,0.46826624870300293,0
0,0.4521099030971527,0
1,0.4701983332633972,0
0,0.46916887164115906,0
1,0.4553423523902893,0
0,0.4727272689342499,0
0,0.4721641540527344,0
1,0.46571552753448486,0
0,0.4702482521533966,0
1,0.4686688482761383,0
0,0.43794116377830505,0
0,0.46125054359436035,0
1,0.45917242765426636,0
0,0.4669686555862427,0
1,0.46856391429901123,0
0,0.46883055567741394,0
0,0.4696538746356964,0
1,0.46474209427833557,0
0,0.469499409198761,0
0,0.47018036246299744,0
1,0.4726937711238861,0
0,0.4674188494682312,0
1,0.471354216337204,0
0,0.47265228629112244,0
1,0.47216951847076416,0
0,0.47006767988204956,0
1,0.4716024696826935,0
0,0.46291983127593994,0
1,0.4703807234764099,0
1,0.45742323994636536,0
1,0.4599900245666504,0
0,0.46184489130973816,0
0,0.47273653745651245,0
0,0.4731616973876953,0
0,0.4730086624622345,0
0,0.46078330278396606,0
0,0.47397559881210327,0
0,0.471271276473999,0
1,0.4737068712711334,0
0,0.459176242351532,0
0,0.47188600897789,0
1,0.4655906856060028,0
1,0.47418832778930664,0
1,0.45812851190567017,0
1,0.4697481393814087,0
1,0.4590049982070923,0
0,0.4541213810443878,0
0,0.4726172387599945,0
0,0.46075379848480225,0
0,0.46996012330055237,0
1,0.4726913869380951,0
1,0.4725090563297272,0
0,0.4668908715248108,0
0,0.4603807032108307,0
0,0.4669961929321289,0
0,0.46763381361961365,0
1,0.4700406789779663,0
1,0.467033326625824,0
1,0.47047844529151917,0
0,0.47111672163009644,0
1,0.46704840660095215,0
0,0.4724152088165283,0
1,0.47200655937194824,0
0,0.4688352346420288,0
1,0.4576621353626251,0
0,0.4635912775993347,0
1,0.47261008620262146,0
1,0.4703201651573181,0
0,0.45685023069381714,0
0,0.45944327116012573,0
0,0.46975570917129517,0
1,0.4725208580493927,0
1,0.4737461507320404,0
0,0.45943450927734375,0
0,0.45229750871658325,0
0,0.4709581136703491,0
1,0.4717545807361603,0
1,0.4693649113178253,0
0,0.46943435072898865,0
1,0.45902639627456665,0
0,0.4675901234149933,0
0,0.46967458724975586,0
1,0.46091601252555847,0
0,0.4589778184890747,0
1,0.4608316421508789,0
1,0.45381495356559753,0
1,0.4552293121814728,0
1,0.4543135464191437,0
0,0.47015663981437683,0
0,0.4676664471626282,0
1,0.45952552556991577,0
1,0.4688853919506073,0
1,0.4660089313983917,0
1,0.4693129062652588,0
1,0.4674074947834015,0
0,0.47384384274482727,0
0,0.46806010603904724,0
1,0.4728594422340393,0
0,0.46271631121635437,0
1,0.4713444709777832,0
0,0.4559478163719177,0
1,0.4610773026943207,0
0,0.4615662395954132,0
1,0.4707428812980652,0
1,0.45352691411972046,0
0,0.4731115400791168,0
1,0.47098249197006226,0
1,0.46922314167022705,0
0,0.45303109288215637,0
0,0.46426713466644287,0
1,0.4618699550628662,0
0,0.461193710565567,0
1,0.46444618701934814,0
0,0.46462616324424744,0
0,0.4644107222557068,0
1,0.46675756573677063,0
1,0.4689047336578369,0
1,0.4730439782142639,0
1,0.4725182056427002,0
1,0.4722747206687927,0
1,0.46965333819389343,0
0,0.47286564111709595,0
1,0.4729694128036499,0
0,0.4725951850414276,0
0,0.46904388070106506,0
1,0.4721467196941376,0
1,0.47392842173576355,0
1,0.46458253264427185,0
0,0.4614153206348419,0
1,0.47348451614379883,0
0,0.4684852063655853,0
1,0.46545785665512085,0
1,0.4654826521873474,0
1,0.47304534912109375,0
1,0.4561598002910614,0
1,0.4697103500366211,0
1,0.4717617928981781,0
0,0.45371195673942566,0
1,0.472140908241272,0
0,0.47217461466789246,0
0,0.46563488245010376,0
1,0.4724256992340088,0
1,0.4547230899333954,0
1,0.4613296091556549,0
1,0.46842214465141296,0
0,0.4613986611366272,0
1,0.47178739309310913,0
0,0.47192147374153137,0
0,0.4719482958316803,0
1,0.4701513648033142,0
1,0.4733366370201111,0
0,0.46827200055122375,0
0,0.4599038362503052,0
1,0.4714370369911194,0
0,0.46051546931266785,0
0,0.4728240668773651,0
1,0.46952012181282043,0
1,0.45997580885887146,0
1,0.4599222242832184,0
1,0.46714767813682556,0
0,0.4608546495437622,0
1,0.469193696975708,0
0,0.4619975686073303,0
0,0.4616996943950653,0
1,0.4730730950832367,0
0,0.4707033634185791,0
0,0.4659131169319153,0
0,0.46840542554855347,0
1,0.47312048077583313,0
0,0.4696525037288666,0
1,0.4671808183193207,0
1,0.46965229511260986,0
0,0.46420276165008545,0
1,0.46281731128692627,0
0,0.46997150778770447,0
1,0.4704589545726776,0
0,0.4723176956176758,0
0,0.45624086260795593,0
0,0.46085935831069946,0
1,0.46883460879325867,0
0,0.47291266918182373,0
0,0.46185123920440674,0
1,0.4662291705608368,0
1,0.46890997886657715,0
1,0.47281914949417114,0
0,0.46789631247520447,0
0,0.4704568088054657,0
0,0.4728001356124878,0
0,0.4679591655731201,0
0,0.47304174304008484,0
0,0.4732757806777954,0
1,0.4699179530143738,0
0,0.4626741409301758,0
0,0.46456602215766907,0
1,0.47038358449935913,0
0,0.4718220829963684,0
0,0.4698629081249237,0
0,0.4724992513656616,0
1,0.47139108180999756,0
1,0.46238699555397034,0
0,0.467664897441864,0
0,0.46741390228271484,0
0,0.4701521098613739,0
1,0.47461825609207153,0
1,0.46996086835861206,0
1,0.46642276644706726,0
1,0.4712674617767334,0
0,0.4608054757118225,0
0,0.4727292060852051,0
1,0.469463050365448,0
1,0.45508885383605957,0
0,0.4712654650211334,0
1,0.4598293602466583,0
0,0.46530860662460327,0
1,0.457176148891449,0
0,0.472553551197052,0
0,0.4740073084831238,0
0,0.47008490562438965,0
0,0.46059608459472656,0
1,0.46158868074417114,0
0,0.46776992082595825,0
0,0.46753937005996704,0
1,0.4727393090724945,0
0,0.4689340889453888,0
1,0.4650666415691376,0
0,0.45369699597358704,0
1,0.4673367142677307,0
0,0.47090989351272583,0
1,0.46691879630088806,0
1,0.46441584825515747,0
1,0.47235918045043945,0
0,0.46968525648117065,0
1,0.47140660881996155,0
1,0.4658452570438385,0
1,0.4532454013824463,0
0,0.46341967582702637,0
0,0.47017017006874084,0
0,0.4721198081970215,0
0,0.47255823016166687,0
1,0.46552562713623047,0
1,0.46862077713012695,0
1,0.4703150689601898,0
1,0.4665064513683319,0
1,0.4582163989543915,0
0,0.45381462574005127,0
0,0.46197110414505005,0
1,0.4738694131374359,0
0,0.46967995166778564,0
1,0.4692600965499878,0
0,0.4698387384414673,0
0,0.46058976650238037,0
1,0.4690991938114166,0
0,0.47037556767463684,0
0,0.47139331698417664,0
0,0.47135019302368164,0
1,0.47272929549217224,0
0,0.46991634368896484,0
1,0.4539428651332855,0
0,0.46215882897377014,0
1,0.4728446900844574,0
1,0.4675186574459076,0
0,0.47390881180763245,0
0,0.4664507806301117,0
0,0.47262808680534363,0
0,0.46513843536376953,0
1,0.4739270806312561,0
1,0.470122367143631,0
0,0.4663662910461426,0
0,0.4662605822086334,0
1,0.47391805052757263,0
1,0.4727155566215515,0
0,0.46584516763687134,0
1,0.47101253271102905,0
1,0.4615229666233063,0
0,0.47010987997055054,0
1,0.4696745276451111,0
1,0.473674476146698,0
1,0.47203490138053894,0
0,0.46291935443878174,0
1,0.46965691447257996,0
0,0.47378119826316833,0
1,0.46656671166419983,0
0,0.47284409403800964,0
0,0.4638615548610687,0
1,0.469707190990448,0
0,0.47076770663261414,0
1,0.4687997102737427,0
1,0.4636898636817932,0
0,0.46234560012817383,0
1,0.47281649708747864,0
0,0.469992995262146,0
0,0.47274091839790344,0
1,0.4730874001979828,0
0,0.4648841619491577,0
1,0.4607897996902466,0
1,0.47278425097465515,0
1,0.47101977467536926,0
1,0.46483513712882996,0
1,0.4568444490432739,0
0,0.46328607201576233,0
0,0.46572452783584595,0
0,0.45575082302093506,0
0,0.4735199213027954,0
1,0.46167585253715515,0
1,0.46327584981918335,0
1,0.4638463854789734,0
1,0.46936726570129395,0
1,0.46094828844070435,0
0,0.4664642810821533,0
1,0.4729597866535187,0
1,0.46790486574172974,0
1,0.45008766651153564,0
0,0.47080957889556885,0
1,0.4695545434951782,0
1,0.46291497349739075,0
1,0.46331459283828735,0
0,0.4739612638950348,0
0,0.4725908041000366,0
0,0.467331200838089,0
1,0.4668620824813843,0
0,0.4692710041999817,0
1,0.45480239391326904,0
0,0.47315359115600586,0
1,0.47040730714797974,0
1,0.45555469393730164,0
0,0.45852726697921753,0
1,0.4696773886680603,0
0,0.46466198563575745,0
1,0.47337251901626587,0
1,0.4652913212776184,0
1,0.4732324779033661,0
1,0.47270235419273376,0
1,0.4718326926231384,0
0,0.472300261259079,0
0,0.460444837808609,0
0,0.47293031215667725,0
1,0.45811155438423157,0
0,0.4739750623703003,0
0,0.45335525274276733,0
1,0.47170260548591614,0
0,0.45793163776397705,0
0,0.461955189704895,0
0,0.4586344361305237,0
1,0.46226176619529724,0
1,0.46007347106933594,0
0,0.4694598913192749,0
1,0.4737376570701599,0
1,0.46548062562942505,0
1,0.4727672338485718,0
1,0.472868412733078,0
0,0.46831709146499634,0
0,0.46879059076309204,0
0,0.46845564246177673,0
0,0.4713330864906311,0
0,0.47347283363342285,0
1,0.47287070751190186,0
1,0.46266669034957886,0
1,0.4722873866558075,0
1,0.4706505537033081,0
1,0.47118550539016724,0
1,0.46310949325561523,0
1,0.46800047159194946,0
0,0.46389758586883545,0
1,0.47262629866600037,0
0,0.45762887597084045,0
0,0.4719786047935486,0
1,0.4727616012096405,0
1,0.46521449089050293,0
1,0.4730868637561798,0
1,0.4734596312046051,0
0,0.4729348421096802,0
0,0.47204214334487915,0
0,0.47074925899505615,0
0,0.4696517586708069,0
0,0.4729142487049103,0
0,0.46907907724380493,0
0,0.47316285967826843,0
1,0.4696539342403412,0
0,0.47386807203292847,0
1,0.47160330414772034,0
1,0.47230157256126404,0
0,0.46090251207351685,0
1,0.47223857045173645,0
0,0.46763867139816284,0
0,0.46177050471305847,0
1,0.4615991413593292,0
1,0.47190001606941223,0
1,0.4739779531955719,0
1,0.4710865616798401,0
1,0.4620542526245117,0
1,0.468706876039505,0
1,0.4698357880115509,0
0,0.4687863290309906,0
1,0.47026702761650085,0
0,0.45383554697036743,0
0,0.4650271534919739,0
0,0.45891866087913513,0
0,0.4687773883342743,0
1,0.4558935761451721,0
1,0.47254863381385803,0
1,0.4722747206687927,0
0,0.4720778465270996,0
1,0.469428151845932,0
0,0.4692312777042389,0
1,0.46909284591674805,0
0,0.47017866373062134,0
0,0.46680957078933716,0
1,0.47314637899398804,0
1,0.4694996178150177,0
1,0.4688860774040222,0
0,0.4706113040447235,0
1,0.45769408345222473,0
1,0.4724383056163788,0
1,0.4701942205429077,0
0,0.46300163865089417,0
0,0.4717187285423279,0
1,0.4734821915626526,0
1,0.47019943594932556,0
0,0.46577367186546326,0
1,0.45841673016548157,0
0,0.4706878364086151,0
1,0.47020265460014343,0
0,0.4730040729045868,0
0,0.46530088782310486,0
1,0.4681696593761444,0
0,0.4608061909675598,0
1,0.47100359201431274,0
1,0.47000205516815186,0
1,0.47095996141433716,0
1,0.46408697962760925,0
0,0.46193578839302063,0
0,0.47021913528442383,0
1,0.4726090729236603,0
1,0.46223121881484985,0
0,0.47074636816978455,0
0,0.45860758423805237,0
0,0.4434526860713959,0
1,0.47193825244903564,0
0,0.4703485369682312,0
0,0.4706411361694336,0
0,0.46552127599716187,0
1,0.4702261984348297,0
1,0.4724760353565216,0
0,0.4728296101093292,0
1,0.46194571256637573,0
0,0.46708470582962036,0
0,0.46099886298179626,0
1,0.4556744694709778,0
0,0.4707392752170563,0
0,0.45379847288131714,0
0,0.47159308195114136,0
0,0.46938183903694153,0
0,0.4728403091430664,0
0,0.45773762464523315,0
0,0.46920540928840637,0
1,0.4710349142551422,0
1,0.47198307514190674,0
0,0.4697413444519043,0
0,0.47003430128097534,0
0,0.46471574902534485,0
0,0.45938387513160706,0
1,0.45779719948768616,0
1,0.4723573327064514,0
1,0.4698884189128876,0
1,0.46120911836624146,0
0,0.47247880697250366,0
1,0.466351717710495,0
1,0.4715077877044678,0
1,0.4608151912689209,0
1,0.46450358629226685,0
1,0.4548400640487671,0
1,0.4720422029495239,0
1,0.4722978174686432,0
0,0.47391048073768616,0
0,0.4530094563961029,0
0,0.4711993932723999,0
0,0.4702184200286865,0
0,0.4669461250305176,0
1,0.4600977897644043,0
1,0.4567788243293762,0
1,0.46131011843681335,0
1,0.4727521538734436,0
0,0.4622091054916382,0
1,0.4641566276550293,0
0,0.46184271574020386,0
1,0.4727969765663147,0
1,0.47317856550216675,0
1,0.4686633348464966,0
1,0.4696466028690338,0
1,0.45448195934295654,0
1,0.46957874298095703,0
0,0.4727292060852051,0
0,0.4648025631904602,0
1,0.4694094657897949,0
0,0.4704422354698181,0
1,0.4726465344429016,0
1,0.47259682416915894,0
0,0.4707324206829071,0
1,0.46870189905166626,0
1,0.4728248119354248,0
1,0.4702497124671936,0
0,0.471940279006958,0
1,0.4726506769657135,0
0,0.4671352803707123,0
0,0.46675539016723633,0
0,0.47074952721595764,0
0,0.47049301862716675,0
1,0.4690738320350647,0
1,0.4623631238937378,0
1,0.47266706824302673,0
0,0.46774253249168396,0
1,0.46865910291671753,0
0,0.4700391888618469,0
1,0.4526073932647705,0
0,0.4725494086742401,0
0,0.4742226004600525,0
0,0.4702865183353424,0
0,0.46350058913230896,0
0,0.47383755445480347,0
1,0.4688621759414673,0
0,0.46813592314720154,0
1,0.4731329679489136,0
0,0.4731937348842621,0
1,0.45555219054222107,0
0,0.46369099617004395,0
1,0.4700062572956085,0
1,0.46961864829063416,0
1,0.4515415132045746,0
1,0.4712773263454437,0
0,0.4696519672870636,0
0,0.4731481969356537,0
0,0.4656989872455597,0
0,0.4681895971298218,0
0,0.473182737827301,0
1,0.47287479043006897,0
1,0.4578145444393158,0
1,0.4732951819896698,0
0,0.4725719094276428,0
0,0.47193479537963867,0
0,0.4646728038787842,0
1,0.4684516191482544,0
1,0.45268377661705017,0
1,0.460200697183609,0
0,0.45660558342933655,0
0,0.472486674785614,0
0,0.47199782729148865,0
0,0.47035908699035645,0
0,0.46823760867118835,0
0,0.47117534279823303,0
1,0.4704471528530121,0
0,0.46980568766593933,0
1,0.4712960720062256,0
1,0.47267380356788635,0
1,0.4667445719242096,0
0,0.4718579053878784,0
0,0.4676322937011719,0
0,0.46520230174064636,0
1,0.47370612621307373,0
1,0.47146177291870117,0
0,0.46643733978271484,0
1,0.46685171127319336,0
1,0.46010899543762207,0
1,0.47166064381599426,0
1,0.4741695821285248,0
0,0.4665745794773102,0
0,0.46228423714637756,0
1,0.47305774688720703,0
0,0.46973109245300293,0
1,0.47312140464782715,0
0,0.46765246987342834,0
1,0.4710894525051117,0
1,0.47262680530548096,0
0,0.47040805220603943,0
0,0.4702734351158142,0
1,0.4670908451080322,0
1,0.47161751985549927,0
0,0.45590153336524963,0
0,0.4728836417198181,0
0,0.47075265645980835,0
0,0.4727521240711212,0
0,0.4683114290237427,0
0,0.4698220491409302,0
0,0.46587061882019043,0
0,0.47260764241218567,0
1,0.46890363097190857,0
1,0.46743160486221313,0
0,0.4726598262786865,0
0,0.46849295496940613,0
1,0.47018036246299744,0
0,0.4654330611228943,0
0,0.4531121253967285,0
0,0.46618223190307617,0
1,0.4697909653186798,0
1,0.47173357009887695,0
1,0.4604772627353668,0
0,0.4678208529949188,0
1,0.47215038537979126,0
0,0.4734981060028076,0
0,0.4678628146648407,0
1,0.4698759913444519,0
1,0.4585839807987213,0
1,0.47037941217422485,0
1,0.4720892608165741,0
1,0.47069597244262695,0
0,0.4726872146129608,0
0,0.46966448426246643,0
0,0.47192254662513733,0
1,0.45637091994285583,0
1,0.46135181188583374,0
1,0.47086653113365173,0
1,0.4706244468688965,0
1,0.4630788266658783,0
1,0.4696508049964905,0
1,0.4460451900959015,0
1,0.4707045257091522,0
0,0.4723522663116455,0
1,0.46280789375305176,0
0,0.4579118490219116,0
1,0.47094976902008057,0
1,0.4719293713569641,0
0,0.47134929895401,0
0,0.4707295596599579,0
0,0.46358922123908997,0
0,0.47256484627723694,0
1,0.4702083468437195,0
1,0.46714070439338684,0
1,0.4701312780380249,0
1,0.47369110584259033,0
0,0.46193090081214905,0
1,0.466078519821167,0
0,0.46437981724739075,0
0,0.47045570611953735,0
1,0.47013649344444275,0
0,0.46178799867630005,0
0,0.47025972604751587,0
1,0.46739712357521057,0
0,0.471190482378006,0
1,0.4731796979904175,0
1,0.45395219326019287,0
1,0.4627867639064789,0
1,0.47253331542015076,0
0,0.46877631545066833,0
0,0.4734865725040436,0
0,0.470701664686203,0
1,0.4701746702194214,0
1,0.47234851121902466,0
1,0.4703975021839142,0
1,0.46858108043670654,0
0,0.4739679992198944,0
1,0.4554077386856079,0
0,0.47062551975250244,0
1,0.4736364781856537,0
0,0.465617835521698,0
0,0.4554523527622223,0
0,0.4643276333808899,0
1,0.4723486602306366,0
0,0.4537161886692047,0
0,0.47272825241088867,0
1,0.47068867087364197,0
1,0.4548673927783966,0
1,0.4624182879924774,0
1,0.4643842875957489,0
1,0.4670831561088562,0
0,0.47406867146492004,0
1,0.4731448292732239,0
0,0.46934548020362854,0
0,0.4535789489746094,0
0,0.47353628277778625,0
0,0.4655967950820923,0
0,0.4685167074203491,0
1,0.4608522653579712,0
0,0.46901369094848633,0
1,0.4623885750770569,0
1,0.46517428755760193,0
1,0.47156035900115967,0
1,0.47020405530929565,0
0,0.4724980294704437,0
0,0.4644911587238312,0
0,0.4715735614299774,0
0,0.46924328804016113,0
0,0.45408180356025696,0
1,0.4715396761894226,0
0,0.4547743797302246,0
1,0.47028857469558716,0
1,0.46927937865257263,0
1,0.4511585235595703,0
0,0.46133866906166077,0
0,0.4605409502983093,0
1,0.47015467286109924,0
0,0.4661981761455536,0
0,0.4650355577468872,0
0,0.4706459045410156,0
0,0.46312740445137024,0
1,0.4683167636394501,0
1,0.4653465747833252,0
1,0.4696555435657501,0
0,0.4683680236339569,0
0,0.46585091948509216,0
0,0.46112820506095886,0
1,0.4727783799171448,0
1,0.46307656168937683,0
1,0.4665769338607788,0
1,0.46324944496154785,0
1,0.4620344042778015,0
0,0.4686424434185028,0
0,0.4644060730934143,0
0,0.4537878632545471,0
0,0.4728594422340393,0
0,0.46611613035202026,0
0,0.4708212912082672,0
1,0.47318071126937866,0
0,0.468706339597702,0
1,0.4656927287578583,0
1,0.4618268311023712,0
1,0.47025299072265625,0
1,0.4696979522705078,0
1,0.46910160779953003,0
1,0.4549618363380432,0
0,0.46927937865257263,0
0,0.47187113761901855,0
1,0.4643285572528839,0
1,0.470157265663147,0
1,0.4728519916534424,0
1,0.47293004393577576,0
1,0.47286084294319153,0
0,0.46853503584861755,0
0,0.46538564562797546,0
0,0.46076157689094543,0
1,0.4719667136669159,0
0,0.46979716420173645,0
0,0.47272568941116333,0
0,0.47112685441970825,0
0,0.45890986919403076,0
0,0.4659372866153717,0
1,0.4666655361652374,0
0,0.4634210169315338,0
0,0.47394058108329773,0
0,0.46470898389816284,0
0,0.4634435474872589,0
0,0.4725434184074402,0
1,0.46917927265167236,0
0,0.4727534353733063,0
0,0.4711742401123047,0
0,0.4726170301437378,0
0,0.4687039256095886,0
0,0.45551809668540955,0
1,0.4729465842247009,0
1,0.4641338288784027,0
1,0.4717189371585846,0
0,0.4725102186203003,0
1,0.4732179641723633,0
0,0.46987026929855347,0
1,0.46225735545158386,0
0,0.45567071437835693,0
1,0.4738721549510956,0
0,0.4722968637943268,0
0,0.4572187066078186,0
0,0.46275055408477783,0
1,0.4729430079460144,0
1,0.4672359228134155,0
1,0.46964508295059204,0
1,0.4636933207511902,0
1,0.4714471399784088,0
0,0.46399959921836853,0
1,0.45604610443115234,0
0,0.4500095248222351,0
1,0.463285356760025,0
0,0.4724240005016327,0
1,0.46894320845603943,0
0,0.4623158276081085,0
0,0.4730943441390991,0
0,0.4689348042011261,0
1,0.465986967086792,0
0,0.47185754776000977,0
0,0.47050535678863525,0
1,0.4729642868041992,0
1,0.4696695804595947,0
1,0.4727860987186432,0
1,0.4705236256122589,0
0,0.4668539762496948,0
1,0.47275424003601074,0
0,0.4514184594154358,0
0,0.4727461040019989,0
1,0.4558318555355072,0
1,0.46480849385261536,0
0,0.46541550755500793,0
0,0.46700921654701233,0
1,0.47274279594421387,0
1,0.47396114468574524,0
0,0.46966081857681274,0
0,0.47220635414123535,0
0,0.4586884379386902,0
1,0.4731137752532959,0
0,0.47359344363212585,0
1,0.4643845856189728,0
0,0.470132976770401,0
0,0.4715450406074524,0
1,0.45979517698287964,0
1,0.4705585241317749,0
0,0.46966543793678284,0
0,0.4683011770248413,0
0,0.4727419912815094,0
0,0.47327786684036255,0
0,0.4609939754009247,0
0,0.46125689148902893,0
0,0.4583071172237396,0
1,0.47267773747444153,0
1,0.46922197937965393,0
1,0.4655037224292755,0
0,0.4719148874282837,0
0,0.47025972604751587,0
0,0.472413569688797,0
1,0.45463377237319946,0
0,0.4716399908065796,0
1,0.47175803780555725,0
0,0.47399088740348816,0
0,0.47361263632774353,0
1,0.4697801172733307,0
1,0.458956778049469,0
0,0.46430662274360657,0
0,0.46583792567253113,0
1,0.47275039553642273,0
0,0.47355541586875916,0
1,0.4687032401561737,0
0,0.4722912311553955,0
1,0.4727495610713959,0
1,0.47341033816337585,0
1,0.46519410610198975,0
1,0.4647326171398163,0
0,0.4552474021911621,0
0,0.46199744939804077,0
0,0.4703617990016937,0
1,0.4701097309589386,0
1,0.4731317460536957,0
0,0.46438103914260864,0
1,0.47049522399902344,0
1,0.4653554856777191,0
0,0.45555540919303894,0
1,0.4739328622817993,0
0,0.46716269850730896,0
1,0.46836933493614197,0
0,0.468161940574646,0
1,0.4682377278804779,0
0,0.46439647674560547,0
1,0.47160276770591736,0
0,0.466018408536911,0
0,0.4714124798774719,0
1,0.456157922744751,0
1,0.4726282060146332,0
0,0.4617834687232971,0
0,0.46505433320999146,0
0,0.46515536308288574,0
0,0.4659790098667145,0
1,0.4730703830718994,0
0,0.4707437753677368,0
1,0.4557207226753235,0
0,0.47270336747169495,0
0,0.45978277921676636,0
0,0.46856793761253357,0
1,0.46415334939956665,0
1,0.47282618284225464,0
1,0.4666087329387665,0
0,0.4656033515930176,0
0,0.46527233719825745,0
0,0.4580250680446625,0
0,0.472165584564209,0
0,0.47089603543281555,0
1,0.4712749719619751,0
0,0.46832355856895447,0
1,0.4709043800830841,0
0,0.46689915657043457,0
0,0.4701831042766571,0
0,0.472562700510025,0
1,0.4645523130893707,0
0,0.47286948561668396,0
1,0.4733121693134308,0
0,0.4565776586532593,0
1,0.4698111116886139,0
1,0.46198442578315735,0
0,0.46965640783309937,0
1,0.46300235390663147,0
1,0.4697239398956299,0
0,0.4548344314098358,0
0,0.46918776631355286,0
0,0.45869144797325134,0
1,0.47270694375038147,0
1,0.4738613963127136,0
1,0.4737151265144348,0
0,0.4674598276615143,0
1,0.47352105379104614,0
0,0.46361351013183594,0
0,0.4585518538951874,0
1,0.4540085196495056,0
1,0.4724061191082001,0
0,0.4711333215236664,0
0,0.46816501021385193,0
1,0.47345075011253357,0
0,0.4708643853664398,0
0,0.4608340859413147,0
0,0.4693966805934906,0
0,0.4723832309246063,0
1,0.4709138572216034,0
0,0.4615922272205353,0
0,0.4591234028339386,0
1,0.4739876985549927,0
1,0.4682036340236664,0
1,0.4723656177520752,0
0,0.4545794725418091,0
1,0.4721817970275879,0
1,0.45470666885375977,0
1,0.469463050365448,0
1,0.47184672951698303,0
1,0.4733375906944275,0
0,0.4681759476661682,0
0,0.4540673792362213,0
1,0.469758540391922,0
0,0.46487799286842346,0
0,0.46942102909088135,0
0,0.47433018684387207,0
0,0.4681715667247772,0
0,0.47036224603652954,0
1,0.4719802141189575,0
1,0.45556217432022095,0
0,0.47040045261383057,0
0,0.47003576159477234,0
1,0.46980786323547363,0
1,0.4730168879032135,0
1,0.4728004038333893,0
1,0.4702802002429962,0
1,0.47332775592803955,0
1,0.45545685291290283,0
0,0.46981996297836304,0
0,0.47177815437316895,0
0,0.4705495238304138,0
1,0.47248950600624084,0
1,0.47296765446662903,0
0,0.4693663418292999,0
1,0.4713013470172882,0
0,0.4702991843223572,0
0,0.4643610417842865,0
0,0.4732075035572052,0
1,0.4708290100097656,0
1,0.47317802906036377,0
0,0.47044605016708374,0
1,0.47073104977607727,0
1,0.46952763199806213,0
1,0.47097980976104736,0
1,0.4739612638950348,0
0,0.47101661562919617,0
0,0.4706369638442993,0
0,0.47274529933929443,0
0,0.46834009885787964,0
0,0.473080575466156,0
1,0.47231078147888184,0
1,0.46155911684036255,0
0,0.4698769450187683,0
0,0.4699913263320923,0
0,0.4710773527622223,0
0,0.4702984392642975,0
1,0.46438175439834595,0
0,0.46242833137512207,0
0,0.46909865736961365,0
0,0.46831604838371277,0
1,0.47035229206085205,0
1,0.46083495020866394,0
0,0.46449869871139526,0
1,0.46427395939826965,0
0,0.4595126807689667,0
0,0.46879109740257263,0
1,0.46546342968940735,0
1,0.4730057120323181,0
1,0.4701386094093323,0
0,0.47040310502052307,0
0,0.4687797725200653,0
1,0.4603499472141266,0
1,0.4739672541618347,0
0,0.4704575538635254,0
1,0.4538313150405884,0
1,0.47300204634666443,0
1,0.47323551774024963,0
1,0.4703349471092224,0
1,0.4701923727989197,0
0,0.46982717514038086,0
0,0.465947687625885,0
1,0.47242271900177,0
1,0.4728359878063202,0
1,0.47034981846809387,0
1,0.47318795323371887,0
1,0.46744441986083984,0
0,0.4686664342880249,0
0,0.46553534269332886,0
0,0.469632089138031,0
0,0.4394483268260956,0
0,0.4675390422344208,0
0,0.4702218770980835,0
1,0.47337594628334045,0
0,0.4699275493621826,0
0,0.4709736108779907,0
0,0.45910173654556274,0
1,0.46735015511512756,0
0,0.4687894880771637,0
0,0.4697436988353729,0
1,0.46971142292022705,0
1,0.4739595353603363,0
1,0.4697711765766144,0
1,0.47363197803497314,0
0,0.4538232982158661,0
1,0.46822935342788696,0
0,0.46730995178222656,0
1,0.473436176776886,0
1,0.46092215180397034,0
1,0.4729146957397461,0
0,0.47267699241638184,0
0,0.47186392545700073,0
1,0.4592181146144867,0
0,0.4555671215057373,0
1,0.47316938638687134,0
1,0.46358829736709595,0
1,0.47275200486183167,0
1,0.4629204273223877,0
0,0.4720175564289093,0
0,0.46477651596069336,0
0,0.4714803099632263,0
0,0.46966007351875305,0
0,0.47187161445617676,0
0,0.47275111079216003,0
0,0.4727310240268707,0
1,0.46960023045539856,0
1,0.46964260935783386,0
0,0.4609134793281555,0
1,0.4551883637905121,0
0,0.47284942865371704,0
1,0.46271517872810364,0
0,0.4694675803184509,0
0,0.46894770860671997,0
0,0.4685441255569458,0
0,0.46711021661758423,0
0,0.4723570644855499,0
0,0.4640096127986908,0
1,0.4686700999736786,0
1,0.4548121988773346,0
1,0.45539993047714233,0
1,0.47144466638565063,0
0,0.4637359082698822,0
1,0.4574815034866333,0
0,0.4693661630153656,0
1,0.46684321761131287,0
1,0.4683569371700287,0
0,0.4717293977737427,0
0,0.454619824886322,0
0,0.46550455689430237,0
1,0.47263336181640625,0
0,0.46494776010513306,0
1,0.4693526327610016,0
0,0.4691137671470642,0
0,0.4701446294784546,0
1,0.4730561375617981,0
0,0.46529242396354675,0
0,0.4576061964035034,0
0,0.4722868502140045,0
1,0.4721522331237793,0
1,0.47054657340049744,0
0,0.47102275490760803,0
0,0.46960949897766113,0
1,0.4701996445655823,0
0,0.4650510847568512,0
1,0.47305911779403687,0
0,0.47023823857307434,0
1,0.4613005220890045,0
0,0.46958914399147034,0
1,0.46260297298431396,0
1,0.46965187788009644,0
0,0.47001922130584717,0
0,0.47319266200065613,0
0,0.47189438343048096,0
0,0.46605998277664185,0
0,0.47041797637939453,0
0,0.47010836005210876,0
0,0.4655742049217224,0
0,0.4574384093284607,0
0,0.4703306257724762,0
0,0.4560432434082031,0
0,0.4697434902191162,0
0,0.47195965051651,0
1,0.4697335958480835,0
0,0.468765527009964,0
0,0.4682682454586029,0
0,0.4680454432964325,0
0,0.4701058268547058,0
1,0.46555429697036743,0
1,0.47000184655189514,0
1,0.46733900904655457,0
1,0.46800491213798523,0
0,0.4683445394039154,0
1,0.4723200500011444,0
0,0.4731379449367523,0
1,0.45698675513267517,0
0,0.46606266498565674,0
1,0.46213439106941223,0
0,0.45453959703445435,0
0,0.4720575511455536,0
0,0.47135478258132935,0
1,0.4670446813106537,0
0,0.46975380182266235,0
0,0.47301527857780457,0
1,0.4712286591529846,0
1,0.45108380913734436,0
0,0.4599967300891876,0
0,0.4598805904388428,0
1,0.4648147225379944,0
1,0.47082531452178955,0
0,0.45517581701278687,0
0,0.4742898941040039,0
0,0.46418169140815735,0
0,0.469982773065567,0
0,0.46268975734710693,0
0,0.45976322889328003,0
1,0.4727459251880646,0
0,0.47326532006263733,0
0,0.4732644259929657,0
0,0.47056278586387634,0
0,0.4705033600330353,0
1,0.47357606887817383,0
1,0.46857160329818726,0
1,0.46717607975006104,0
0,0.46185559034347534,0
1,0.4722713828086853,0
0,0.47177931666374207,0
1,0.4725399613380432,0
1,0.47328177094459534,0
1,0.467461496591568,0
1,0.47234907746315,0
0,0.4733920693397522,0
0,0.4696730673313141,0
1,0.47233515977859497,0
1,0.4696851074695587,0
1,0.47177040576934814,0
1,0.4638495147228241,0
1,0.47025883197784424,0
0,0.46727922558784485,0
0,0.47270750999450684,0
1,0.4613718092441559,0
1,0.4661649167537689,0
0,0.4718835651874542,0
0,0.45596545934677124,0
1,0.472350150346756,0
1,0.4523639380931854,0
1,0.4730433225631714,0
1,0.4637160301208496,0
1,0.47130563855171204,0
0,0.4700731635093689,0
1,0.46459197998046875,0
0,0.4586355686187744,0
1,0.46952223777770996,0
1,0.46085047721862793,0
0,0.47076454758644104,0
1,0.4709194004535675,0
1,0.4625985324382782,0
1,0.470074325799942,0
1,0.45486393570899963,0
0,0.46527332067489624,0
0,0.4708772301673889,0
0,0.4727058708667755,0
0,0.4693048298358917,0
1,0.47042539715766907,0
0,0.46017149090766907,0
1,0.4693765640258789,0
0,0.4682691991329193,0
0,0.46045613288879395,0
0,0.4691096842288971,0
1,0.47102221846580505,0
1,0.4553132653236389,0
1,0.4556576907634735,0
0,0.47362422943115234,0
1,0.4650394320487976,0
1,0.4702988564968109,0
0,0.4620630145072937,0
0,0.47091466188430786,0
1,0.4709802269935608,0
1,0.47269654273986816,0
1,0.4721302390098572,0
1,0.4654024839401245,0
0,0.46951448917388916,0
1,0.4621620774269104,0
0,0.4732823669910431,0
0,0.46960628032684326,0
1,0.4639439284801483,0
1,0.46178218722343445,0
0,0.4696888029575348,0
0,0.46929946541786194,0
1,0.4660092294216156,0
1,0.45281413197517395,0
0,0.4654528796672821,0
1,0.4649794101715088,0
1,0.45720335841178894,0
0,0.47289708256721497,0
0,0.4640289545059204,0
0,0.4587804973125458,0
1,0.46792006492614746,0
0,0.47102090716362,0
1,0.4737340211868286,0
0,0.4676358997821808,0
0,0.46838119626045227,0
0,0.4603922963142395,0
1,0.47274646162986755,0
1,0.47264885902404785,0
0,0.45517370104789734,0
0,0.45172932744026184,0
1,0.47266799211502075,0
1,0.4729863703250885,0
0,0.46930766105651855,0
0,0.47075778245925903,0
1,0.4698353111743927,0
0,0.46888306736946106,0
1,0.45531249046325684,0
1,0.4544588029384613,0
0,0.4734390079975128,0
0,0.46534743905067444,0
1,0.4697086811065674,0
0,0.4725448787212372,0
1,0.46851256489753723,0
0,0.45153284072875977,0
1,0.4696520268917084,0
0,0.45866256952285767,0
1,0.4620512127876282,0
0,0.47219476103782654,0
1,0.4605391323566437,0
1,0.47312167286872864,0
1,0.4696664810180664,0
0,0.4712260663509369,0
1,0.4700201749801636,0
1,0.47397345304489136,0
1,0.4729917049407959,0
0,0.46637609601020813,0
1,0.4733945429325104,0
1,0.46883416175842285,0
0,0.47318220138549805,0
0,0.4692721664905548,0
1,0.4660756289958954,0
0,0.46811553835868835,0
0,0.46565520763397217,0
1,0.4689449965953827,0
1,0.46469587087631226,0
1,0.4699026346206665,0
0,0.4532548189163208,0
0,0.47272950410842896,0
1,0.4728274643421173,0
0,0.4697555899620056,0
0,0.4715045988559723,0
0,0.4696084260940552,0
1,0.4600481390953064,0
0,0.473698228597641,0
1,0.4680865406990051,0
0,0.4697023630142212,0
1,0.4699346423149109,0
0,0.4618718922138214,0
1,0.4619201123714447,0
0,0.471137136220932,0
1,0.47103607654571533,0
1,0.4646648168563843,0
1,0.44831764698028564,0
0,0.4713917672634125,0
0,0.47045934200286865,0
0,0.4632100462913513,0
0,0.4672281742095947,0
1,0.4704667329788208,0
0,0.46194198727607727,0
0,0.4736798107624054,0
1,0.46896296739578247,0
1,0.45443469285964966,0
0,0.47069475054740906,0
0,0.47221434116363525,0
0,0.4643688201904297,0
1,0.4729531407356262,0
1,0.4651942551136017,0
0,0.47277161478996277,0
0,0.4722228944301605,0
0,0.47004228830337524,0
1,0.46455973386764526,0
1,0.45686957240104675,0
1,0.47262436151504517,0
0,0.47294434905052185,0
1,0.47121262550354004,0
0,0.45680251717567444,0
0,0.4631006121635437,0
0,0.4695510268211365,0
0,0.46271833777427673,0
1,0.4664817154407501,0
1,0.4677877724170685,0
0,0.47071635723114014,0
1,0.47075122594833374,0
0,0.473972350358963,0
1,0.4625854194164276,0
1,0.4694174826145172,0
1,0.47135061025619507,0
1,0.472015380859375,0
1,0.4574075937271118,0
1,0.47096478939056396,0
0,0.4724613428115845,0
0,0.47008106112480164,0
0,0.4652637243270874,0
1,0.46561679244041443,0
1,0.47007423639297485,0
1,0.4681890606880188,0
0,0.47221070528030396,0
1,0.47249308228492737,0
0,0.4700121581554413,0
0,0.4704369604587555,0
1,0.47262680530548096,0
1,0.46247661113739014,0
0,0.4674038887023926,0
0,0.4726523756980896,0
0,0.46560096740722656,0
0,0.4666007459163666,0
1,0.4577385485172272,0
1,0.47245657444000244,0
1,0.4710308313369751,0
0,0.4696537256240845,0
1,0.4680359363555908,0
1,0.47267353534698486,0
1,0.4644739329814911,0
1,0.46665453910827637,0
1,0.45547714829444885,0
0,0.4558505713939667,0
0,0.470003217458725,0
1,0.46894267201423645,0
1,0.46977707743644714,0
0,0.46496522426605225,0
1,0.459872305393219,0
1,0.46934831142425537,0
1,0.47271737456321716,0
0,0.4682987928390503,0
0,0.465373158454895,0
1,0.46229442954063416,0
1,0.4581635594367981,0
0,0.46427932381629944,0
1,0.4553110599517822,0
0,0.4697456955909729,0
1,0.46633243560791016,0
0,0.47308778762817383,0
0,0.4634630084037781,0
1,0.46934932470321655,0
0,0.46965670585632324,0
0,0.46612679958343506,0
0,0.45887160301208496,0
0,0.4720052182674408,0
1,0.4658133387565613,0
1,0.45502960681915283,0
0,0.45850643515586853,0
1,0.4704964756965637,0
0,0.4696541726589203,0
1,0.4726108908653259,0
1,0.46531832218170166,0
0,0.46982717514038086,0
1,0.46209198236465454,0
0,0.4559621810913086,0
0,0.47248274087905884,0
1,0.473116010427475,0
0,0.4686727225780487,0
1,0.4645882844924927,0
1,0.45741716027259827,0
1,0.46091076731681824,0
0,0.47327232360839844,0
0,0.4617750346660614,0
1,0.46324074268341064,0
0,0.4725062847137451,0
1,0.45665326714515686,0
1,0.47142118215560913,0
1,0.4552259147167206,0
1,0.466074675321579,0
1,0.4730477035045624,0
1,0.47311440110206604,0
1,0.4725547134876251,0
1,0.47240644693374634,0
1,0.4680732190608978,0
1,0.46965402364730835,0
0,0.4731641113758087,0
1,0.4627213478088379,0
1,0.47298794984817505,0
1,0.46542051434516907,0
0,0.470832496881485,0
0,0.4712646007537842,0
0,0.4646984338760376,0
1,0.46999990940093994,0
0,0.470020055770874,0
1,0.47312667965888977,0
0,0.4717424809932709,0
0,0.47049829363822937,0
1,0.4705536961555481,0
1,0.4639347791671753,0
1,0.47299617528915405,0
0,0.4585909843444824,0
0,0.4726865887641907,0
1,0.4533357322216034,0
1,0.47262293100357056,0
1,0.469461053609848,0
1,0.4580811858177185,0
1,0.47145992517471313,0
0,0.4739645719528198,0
0,0.4658532440662384,0
1,0.4643838703632355,0
1,0.4644055664539337,0
0,0.4625204801559448,0
1,0.45468878746032715,0
1,0.4665175974369049,0
0,0.4681520164012909,0
0,0.47252073884010315,0
1,0.45666980743408203,0
0,0.4661797881126404,0
0,0.47379833459854126,0
0,0.4702766239643097,0
1,0.4550350606441498,0
1,0.46041738986968994,0
0,0.47087594866752625,0
1,0.4706726372241974,0
1,0.46988072991371155,0
1,0.47036680579185486,0
0,0.46311378479003906,0
0,0.4711850881576538,0
0,0.47275835275650024,0
1,0.46998029947280884,0
0,0.47102290391921997,0
1,0.4727315306663513,0
1,0.4737181067466736,0
0,0.47344261407852173,0
1,0.468633770942688,0
0,0.47318288683891296,0
1,0.4523874521255493,0
0,0.4604737162590027,0
1,0.47387567162513733,0
0,0.4696519672870636,0
1,0.4549039602279663,0
1,0.470596581697464,0
0,0.46276357769966125,0
0,0.4702979624271393,0
0,0.4738200008869171,0
1,0.46494168043136597,0
1,0.4721185564994812,0
0,0.47220221161842346,0
1,0.4648761451244354,0
1,0.4643605351448059,0
0,0.4659019708633423,0
0,0.4690040349960327,0
0,0.4690292477607727,0
1,0.45423901081085205,0
0,0.4729486107826233,0
1,0.4642113745212555,0
1,0.4727022349834442,0
0,0.47081220149993896,0
1,0.46931689977645874,0
0,0.4542244076728821,0
0,0.46277889609336853,0
0,0.4706665575504303,0
0,0.46564024686813354,0
0,0.46441394090652466,0
0,0.4541773200035095,0
0,0.46219581365585327,0
1,0.47291654348373413,0
1,0.4701308012008667,0
0,0.47025835514068604,0
0,0.4696711599826813,0
1,0.46546250581741333,0
1,0.4550909996032715,0
1,0.473037987947464,0
0,0.4727610647678375,0
0,0.4704568088054657,0
0,0.47245773673057556,0
1,0.4715830385684967,0
1,0.47203242778778076,0
0,0.4609595239162445,0
1,0.4739735722541809,0
0,0.4541988670825958,0
0,0.45999789237976074,0
0,0.4703516662120819,0
1,0.4671424627304077,0
1,0.47282224893569946,0
1,0.47291693091392517,0
0,0.4727005958557129,0
0,0.46506890654563904,0
0,0.45940065383911133,0
1,0.4711179733276367,0
1,0.47136858105659485,0
0,0.4728792905807495,0
0,0.469768226146698,0
0,0.47101056575775146,0
0,0.4715864360332489,0
0,0.4714435338973999,0
0,0.45649486780166626,0
0,0.4697648584842682,0
0,0.4697721302509308,0
1,0.4631366431713104,0
0,0.465582937002182,0
0,0.4677269458770752,0
1,0.4674818217754364,0
1,0.46965259313583374,0
1,0.4700695872306824,0
0,0.47065451741218567,0
0,0.4662627577781677,0
0,0.4655323922634125,0
1,0.46401622891426086,0
1,0.47096118330955505,0
1,0.4726702868938446,0
0,0.47018757462501526,0
0,0.4648030698299408,0
0,0.454387903213501,0
0,0.45927321910858154,0
1,0.4730752408504486,0
0,0.472959041595459,0
0,0.4623180627822876,0
0,0.4608928859233856,0
1,0.46671485900878906,0
1,0.46898117661476135,0
1,0.4709876775741577,0
1,0.46591657400131226,0
0,0.4696410894393921,0
1,0.4658150374889374,0
1,0.47078049182891846,0
0,0.4710789918899536,0
1,0.4557904303073883,0
0,0.4705961048603058,0
1,0.4579330384731293,0
1,0.46708086133003235,0
1,0.47397580742836,0
1,0.4723927080631256,0
0,0.45689576864242554,0
0,0.472695529460907,0
0,0.45867303013801575,0
1,0.47324278950691223,0
1,0.4722706973552704,0
0,0.4709865152835846,0
0,0.4636427164077759,0
1,0.4727325141429901,0
1,0.4707125425338745,0
1,0.45539721846580505,0
1,0.4708014130592346,0
0,0.47325244545936584,0
1,0.46496158838272095,0
0,0.4733242392539978,0
0,0.46838486194610596,0
1,0.46315571665763855,0
0,0.47027093172073364,0
0,0.47423025965690613,0
1,0.47017550468444824,0
1,0.4643370807170868,0
1,0.470566064119339,0
1,0.46140897274017334,0
0,0.46886521577835083,0
0,0.4715145528316498,0
0,0.4624078869819641,0
1,0.45318537950515747,0
1,0.46904462575912476,0
1,0.46740567684173584,0
0,0.4558452367782593,0
0,0.47231435775756836,0
0,0.46521973609924316,0
0,0.47339314222335815,0
0,0.4696604907512665,0
0,0.4726581275463104,0
1,0.46482914686203003,0
1,0.4696521759033203,0
1,0.4693198502063751,0
0,0.4635101854801178,0
1,0.4687211513519287,0
1,0.46969395875930786,0
0,0.4733694791793823,0
0,0.46753478050231934,0
1,0.46948543190956116,0
1,0.4663403630256653,0
0,0.46577733755111694,0
0,0.46799227595329285,0
1,0.47254475951194763,0
1,0.4725896418094635,0
1,0.46052488684654236,0
1,0.47124892473220825,0
0,0.46446049213409424,0
0,0.4729056656360626,0
1,0.46965256333351135,0
1,0.47258156538009644,0
1,0.46833717823028564,0
1,0.4689714014530182,0
0,0.4684821665287018,0
1,0.4554598331451416,0
0,0.4675899147987366,0
1,0.47269946336746216,0
0,0.4624671936035156,0
1,0.4646313190460205,0
0,0.47275498509407043,0
1,0.4729486107826233,0
0,0.46897339820861816,0
1,0.4533204436302185,0
1,0.4727107584476471,0
1,0.47058790922164917,0
1,0.47278711199760437,0
0,0.4703134596347809,0
0,0.4734950065612793,0
0,0.47167086601257324,0
1,0.4662805497646332,0
0,0.4574939012527466,0
0,0.47194159030914307,0
1,0.4676285982131958,0
1,0.4558548033237457,0
0,0.46892380714416504,0
1,0.462154358625412,0
1,0.4688079357147217,0
1,0.4673998951911926,0
1,0.4570239186286926,0
0,0.46892979741096497,0
1,0.470795601606369,0
0,0.46971920132637024,0
0,0.4726525843143463,0
0,0.4713585674762726,0
0,0.472739577293396,0
1,0.46181097626686096,0
0,0.46950623393058777,0
0,0.4706445336341858,0
1,0.4619809091091156,0
1,0.4725934863090515,0
0,0.45738542079925537,0
0,0.4730677604675293,0
0,0.4618687331676483,0
1,0.4735935926437378,0
1,0.4600275456905365,0
0,0.4706898331642151,0
0,0.46960049867630005,0
0,0.4728267192840576,0
1,0.4670266807079315,0
1,0.4730251431465149,0
0,0.4731978476047516,0
0,0.46758177876472473,0
1,0.47247347235679626,0
1,0.4696069657802582,0
1,0.46921107172966003,0
1,0.47265759110450745,0
0,0.4679155647754669,0
1,0.47309595346450806,0
0,0.4693560302257538,0
1,0.46983373165130615,0
1,0.4707063138484955,0
0,0.47281521558761597,0
0,0.46489468216896057,0
0,0.4599483609199524,0
1,0.47106295824050903,0
1,0.46918660402297974,0
1,0.4573945701122284,0
1,0.4663774371147156,0
1,0.4698026478290558,0
0,0.4612027704715729,0
0,0.4591483771800995,0
1,0.47332221269607544,0
0,0.47282373905181885,0
1,0.4681812822818756,0
0,0.47082728147506714,0
0,0.453224778175354,0
1,0.4696028232574463,0
1,0.4699503481388092,0
0,0.4670771360397339,0
1,0.47181519865989685,0
0,0.4719500243663788,0
0,0.46881556510925293,0
0,0.46865659952163696,0
0,0.4546932280063629,0
0,0.4696519672870636,0
1,0.46368199586868286,0
1,0.4651816785335541,0
1,0.4669451415538788,0
0,0.45875126123428345,0
1,0.47084689140319824,0
0,0.4569246172904968,0
0,0.47329485416412354,0
0,0.47131237387657166,0
0,0.4728693664073944,0
1,0.46299508213996887,0
1,0.4725858271121979,0
0,0.44763562083244324,0
0,0.4705716669559479,0
1,0.46965470910072327,0
0,0.4578607678413391,0
0,0.47000280022621155,0
0,0.47217148542404175,0
0,0.4707477390766144,0
0,0.47140029072761536,0
1,0.47057482600212097,0
0,0.4635908603668213,0
1,0.47237005829811096,0
0,0.4563184976577759,0
1,0.46272119879722595,0
1,0.46962741017341614,0
1,0.4574137032032013,0
1,0.4613247811794281,0
1,0.4643630087375641,0
1,0.4707914888858795,0
1,0.4729129672050476,0
1,0.4726963937282562,0
1,0.4726678431034088,0
0,0.47324711084365845,0
1,0.47203344106674194,0
0,0.46675267815589905,0
1,0.4711095690727234,0
1,0.4699355363845825,0
0,0.4555704891681671,0
0,0.47396790981292725,0
0,0.4697379767894745,0
0,0.4615986943244934,0
0,0.45780348777770996,0
0,0.4702673852443695,0
0,0.4727889895439148,0
0,0.46545448899269104,0
0,0.4729936718940735,0
0,0.46773603558540344,0
1,0.4724906384944916,0
1,0.449785053730011,0
1,0.4621419310569763,0
0,0.470251202583313,0
1,0.4710945785045624,0
1,0.4537528455257416,0
0,0.46433350443840027,0
1,0.47266408801078796,0
0,0.47271373867988586,0
1,0.4689120650291443,0
0,0.47128790616989136,0
0,0.4701821804046631,0
1,0.4685989022254944,0
1,0.473730206489563,0
1,0.4617918133735657,0
1,0.4663499593734741,0
1,0.46083080768585205,0
0,0.472506582736969,0
0,0.4602512717247009,0
0,0.4554089903831482,0
0,0.453457772731781,0
1,0.4711013734340668,0
1,0.46502751111984253,0
0,0.4644956886768341,0
1,0.4700973927974701,0
1,0.472926527261734,0
0,0.46906808018684387,0
1,0.46118655800819397,0
0,0.46982356905937195,0
0,0.4695151746273041,0
0,0.47218742966651917,0
0,0.4603981375694275,0
1,0.46777671575546265,0
0,0.46726131439208984,0
0,0.4645790755748749,0
0,0.46943455934524536,0
1,0.46839427947998047,0
0,0.4604145586490631,0
0,0.4710845947265625,0
0,0.473104864358902,0
1,0.4710305631160736,0
1,0.47325190901756287,0
1,0.47148412466049194,0
0,0.4711228609085083,0
1,0.4727840721607208,0
1,0.4694293737411499,0
0,0.46092143654823303,0
1,0.45608919858932495,0
0,0.46861961483955383,0
1,0.46316012740135193,0
1,0.47245943546295166,0
0,0.4499024748802185,0
0,0.470403790473938,0
1,0.4702851474285126,0
0,0.46157434582710266,0
1,0.46776407957077026,0
1,0.4681393504142761,0
0,0.4573211073875427,0
1,0.4695393443107605,0
0,0.46452242136001587,0
1,0.46781760454177856,0
1,0.47278204560279846,0
0,0.46218621730804443,0
1,0.4575435519218445,0
0,0.47059768438339233,0
1,0.47291573882102966,0
1,0.4707717299461365,0
0,0.47025594115257263,0
1,0.46017614006996155,0
0,0.4738205373287201,0
0,0.46925705671310425,0
1,0.470479279756546,0
1,0.4651487469673157,0
1,0.47038108110427856,0
0,0.4582909941673279,0
0,0.47327595949172974,0
0,0.47262659668922424,0
1,0.47388172149658203,0
0,0.45860567688941956,0
1,0.4737880527973175,0
0,0.4671676456928253,0
0,0.4612497091293335,0
1,0.4672228991985321,0
1,0.4720383286476135,0
0,0.4690316319465637,0
0,0.47303345799446106,0
0,0.46338364481925964,0
1,0.4729912281036377,0
1,0.4726947844028473,0
1,0.46538668870925903,0
1,0.4590465724468231,0
1,0.47016987204551697,0
1,0.4644901752471924,0
1,0.47274118661880493,0
0,0.47189873456954956,0
0,0.4635467529296875,0
1,0.47038716077804565,0
1,0.4733477830886841,0
1,0.4660930335521698,0
0,0.4552585184574127,0
0,0.4704889953136444,0
1,0.47077345848083496,0
0,0.4680827856063843,0
0,0.4709662199020386,0
1,0.4697781205177307,0
1,0.4662437438964844,0
0,0.4697805345058441,0
1,0.4705391526222229,0
0,0.4645364284515381,0
0,0.45558032393455505,0
1,0.46387848258018494,0
0,0.472811758518219,0
1,0.4724162220954895,0
1,0.4541683793067932,0
0,0.4660121202468872,0
0,0.46539774537086487,0
0,0.46959197521209717,0
0,0.466612845659256,0
0,0.47274139523506165,0
0,0.4659603536128998,0
1,0.470164954662323,0
0,0.4696492552757263,0
0,0.4577454924583435,0
0,0.46595466136932373,0
1,0.46439775824546814,0
1,0.4670654833316803,0
1,0.472432941198349,0
0,0.46434304118156433,0
1,0.47172465920448303,0
0,0.46053746342658997,0
1,0.4561048746109009,0
1,0.46700209379196167,0
1,0.45208659768104553,0
1,0.4709962010383606,0
0,0.47236961126327515,0
1,0.46674758195877075,0
0,0.4737553000450134,0
1,0.46613383293151855,0
1,0.47058528661727905,0
1,0.46064555644989014,0
0,0.47240328788757324,0
0,0.45335838198661804,0
0,0.47178447246551514,0
1,0.4700421988964081,0
0,0.46671974658966064,0
0,0.46122899651527405,0
0,0.4709302484989166,0
0,0.4693462550640106,0
1,0.4660038352012634,0
0,0.4727575480937958,0
0,0.4698658883571625,0
0,0.47227397561073303,0
0,0.47031837701797485,0
0,0.4714418351650238,0
0,0.4652923047542572,0
1,0.4676342308521271,0
1,0.4693581461906433,0
1,0.47222045063972473,0
1,0.46821722388267517,0
0,0.4702094495296478,0
0,0.47236037254333496,0
1,0.46334871649742126,0
0,0.4679925739765167,0
1,0.4689694344997406,0
0,0.46472448110580444,0
1,0.4737410247325897,0
1,0.4687595069408417,0
0,0.47243762016296387,0
1,0.4661746621131897,0
1,0.4703216552734375,0
0,0.4644404351711273,0
0,0.4726370573043823,0
0,0.47197994589805603,0
0,0.4625834822654724,0
0,0.44906851649284363,0
0,0.4656091332435608,0
1,0.46303924918174744,0
1,0.4698379635810852,0
0,0.4725187420845032,0
0,0.46822434663772583,0
0,0.4646041989326477,0
0,0.46457675099372864,0
0,0.4736884832382202,0
0,0.471404105424881,0
0,0.47148144245147705,0
1,0.47259029746055603,0
0,0.4730427861213684,0
0,0.4675499498844147,0
1,0.46955156326293945,0
1,0.4682823717594147,0
1,0.4677945673465729,0
0,0.47267353534698486,0
1,0.4709058105945587,0
0,0.46252578496932983,0
0,0.46086761355400085,0
0,0.4701577425003052,0
0,0.47395825386047363,0
0,0.45924246311187744,0
1,0.462362676858902,0
1,0.47391369938850403,0
0,0.46965375542640686,0
1,0.4692298471927643,0
0,0.47124290466308594,0
1,0.4739522635936737,0
1,0.47277066111564636,0
0,0.4711398780345917,0
1,0.47274357080459595,0
0,0.47162336111068726,0
1,0.47308826446533203,0
0,0.47298017144203186,0
1,0.45092809200286865,0
0,0.46465256810188293,0
1,0.46807271242141724,0
1,0.46721577644348145,0
1,0.4700509309768677,0
1,0.46964409947395325,0
1,0.4658491313457489,0
1,0.4606667160987854,0
0,0.4669896960258484,0
0,0.47158995270729065,0
0,0.4622892737388611,0
1,0.47190332412719727,0
0,0.46819162368774414,0
1,0.4548831880092621,0
0,0.45686838030815125,0
1,0.46786433458328247,0
1,0.4591217041015625,0
1,0.47268146276474,0
0,0.4704100489616394,0
0,0.4659775495529175,0
0,0.462842732667923,0
1,0.4709430932998657,0
1,0.4672311246395111,0
0,0.46168527007102966,0
1,0.46274662017822266,0
1,0.4722273051738739,0
1,0.4608401656150818,0
0,0.4694749712944031,0
0,0.4613320827484131,0
1,0.4688180983066559,0
1,0.4731338322162628,0
0,0.45479705929756165,0
1,0.46170035004615784,0
1,0.4704277217388153,0
1,0.4709624648094177,0
0,0.45476096868515015,0
1,0.4732475280761719,0
1,0.469955176115036,0
1,0.47094807028770447,0
1,0.45272886753082275,0
1,0.4534894526004791,0
1,0.46999698877334595,0
1,0.4659990966320038,0
0,0.46968942880630493,0
0,0.47024962306022644,0
0,0.4704081118106842,0
1,0.4703148305416107,0
0,0.4737258851528168,0
0,0.4729158580303192,0
0,0.47110432386398315,0
1,0.4715329110622406,0
1,0.45923829078674316,0
0,0.46533966064453125,0
0,0.47107994556427,0
0,0.4567430019378662,0
0,0.47129765152931213,0
1,0.4578762650489807,0
0,0.4640481770038605,0
1,0.4558390974998474,0
0,0.4710097312927246,0
0,0.45544078946113586,0
0,0.4710502624511719,0
0,0.468944787979126,0
0,0.4593490660190582,0
1,0.4696517586708069,0
0,0.47145000100135803,0
1,0.4725925326347351,0
0,0.47396188974380493,0
1,0.46083953976631165,0
1,0.46832653880119324,0
0,0.47395893931388855,0
0,0.46520864963531494,0
1,0.4612281918525696,0
0,0.4707626402378082,0
1,0.47110918164253235,0
0,0.465276300907135,0
1,0.46219417452812195,0
1,0.47208335995674133,0
1,0.46755972504615784,0
1,0.4652892053127289,0
0,0.45807868242263794,0
0,0.4620787799358368,0
0,0.467425137758255,0
1,0.4689235985279083,0
0,0.4702433943748474,0
1,0.47178420424461365,0
0,0.4608915448188782,0
0,0.47270670533180237,0
0,0.4585789144039154,0
1,0.4602530002593994,0
1,0.4552658200263977,0
0,0.46458807587623596,0
1,0.4556958079338074,0
1,0.4696831703186035,0
1,0.4670572578907013,0
1,0.4733016788959503,0
0,0.46553337574005127,0
0,0.45469510555267334,0
1,0.4696519672870636,0
0,0.4543747305870056,0
1,0.4722521901130676,0
0,0.47287511825561523,0
0,0.4726139307022095,0
1,0.45641016960144043,0
0,0.47299814224243164,0
1,0.4568973481655121,0
0,0.46855324506759644,0
1,0.47195014357566833,0
0,0.47025564312934875,0
0,0.4629221260547638,0
0,0.4603583812713623,0
0,0.45477619767189026,0
0,0.4725341796875,0
1,0.4690972864627838,0
0,0.4555579721927643,0
0,0.468353807926178,0
1,0.4703441262245178,0
0,0.47102442383766174,0
1,0.4696558713912964,0
1,0.46650946140289307,0
0,0.47009745240211487,0
0,0.4684445559978485,0
1,0.455215722322464,0
1,0.4720568060874939,0
0,0.46556320786476135,0
1,0.45748355984687805,0
1,0.46405524015426636,0
0,0.4718126356601715,0
0,0.4680853486061096,0
0,0.46747568249702454,0
1,0.4565662741661072,0
0,0.45514702796936035,0
0,0.4686949849128723,0
0,0.4713919460773468,0
1,0.46595674753189087,0
0,0.4684116542339325,0
1,0.47094860672950745,0
0,0.4717143177986145,0
0,0.4702950716018677,0
1,0.46462589502334595,0
0,0.4655538499355316,0
1,0.46931180357933044,0
0,0.46955135464668274,0
1,0.4578137695789337,0
0,0.46565037965774536,0
1,0.4721570909023285,0
0,0.4727303683757782,0
0,0.46983522176742554,0
0,0.4535377621650696,0
1,0.4705197215080261,0
0,0.47292956709861755,0
0,0.4727650582790375,0
1,0.46189722418785095,0
0,0.46456122398376465,0
1,0.4727516770362854,0
1,0.4729706943035126,0
1,0.47014155983924866,0
0,0.4648834466934204,0
1,0.46088629961013794,0
0,0.4679211676120758,0
0,0.4610620439052582,0
0,0.47253161668777466,0
1,0.4675447344779968,0
0,0.4704994559288025,0
0,0.47003135085105896,0
0,0.4727090001106262,0
0,0.4628879427909851,0
0,0.47404706478118896,0
0,0.4706520140171051,0
0,0.4703758656978607,0
0,0.47322115302085876,0
1,0.47379356622695923,0
1,0.47086188197135925,0
1,0.4685886800289154,0
1,0.4701560139656067,0
1,0.4577834904193878,0
0,0.46680253744125366,0
0,0.4725440740585327,0
1,0.472026526927948,0
0,0.4727485477924347,0
1,0.4647986590862274,0
1,0.4691739082336426,0
0,0.45658332109451294,0
1,0.47395825386047363,0
1,0.469507098197937,0
0,0.47267815470695496,0
1,0.47112923860549927,0
1,0.4673904478549957,0
1,0.47264572978019714,0
0,0.47158384323120117,0
1,0.469653457403183,0
1,0.4556131362915039,0
1,0.47112151980400085,0
1,0.45246604084968567,0
0,0.467397540807724,0
0,0.46828895807266235,0
0,0.4695538580417633,0
0,0.46068623661994934,0
0,0.4696519672870636,0
1,0.4704824388027191,0
1,0.46719178557395935,0
1,0.46087291836738586,0
1,0.4719838798046112,0
0,0.4696536660194397,0
0,0.4634481370449066,0
1,0.46537789702415466,0
1,0.4637277126312256,0
1,0.4738094210624695,0
0,0.46848970651626587,0
1,0.4728992283344269,0
1,0.46087515354156494,0
0,0.4726935029029846,0
1,0.47287023067474365,0
1,0.4719301760196686,0
1,0.4668347239494324,0
0,0.46910446882247925,0
0,0.47283998131752014,0
1,0.46840474009513855,0
0,0.4671463072299957,0
1,0.47396746277809143,0
1,0.4702603220939636,0
1,0.47378402948379517,0
1,0.4727608561515808,0
1,0.47041162848472595,0
1,0.46590104699134827,0
0,0.47067758440971375,0
1,0.4588782489299774,0
1,0.47134318947792053,0
0,0.46396660804748535,0
1,0.46965456008911133,0
0,0.46958810091018677,0
1,0.4706844687461853,0
1,0.473405659198761,0
0,0.47295910120010376,0
1,0.472653865814209,0
1,0.47304973006248474,0
1,0.4649363160133362,0
0,0.4699467718601227,0
0,0.47267359495162964,0
0,0.4736509919166565,0
0,0.4702949523925781,0
1,0.46523600816726685,0
0,0.4639241695404053,0
0,0.4719698429107666,0
0,0.4694572687149048,0
1,0.4727585017681122,0
1,0.47106119990348816,0
0,0.46965187788009644,0
1,0.47079968452453613,0
0,0.46964871883392334,0
1,0.46119704842567444,0
1,0.4716598391532898,0
0,0.4644119441509247,0
0,0.4622311592102051,0
1,0.472919762134552,0
0,0.47329026460647583,0
0,0.47272536158561707,0
1,0.46551570296287537,0
0,0.46884283423423767,0
1,0.46294042468070984,0
1,0.47049084305763245,0
1,0.4647546708583832,0
0,0.46736690402030945,0
0,0.4612387418746948,0
1,0.419417142868042,0
0,0.46846216917037964,0
0,0.47121334075927734,0
1,0.472616046667099,0
0,0.46622171998023987,0
0,0.47385406494140625,0
1,0.46534040570259094,0
0,0.4643288552761078,0
1,0.47063249349594116,0
0,0.4673140048980713,0
0,0.4673621654510498,0
0,0.4738762080669403,0
0,0.46170738339424133,0
0,0.47256365418434143,0
0,0.45921534299850464,0
1,0.4725072383880615,0
0,0.4748428463935852,0
0,0.4711698293685913,0
0,0.4696495532989502,0
1,0.468811959028244,0
0,0.47129717469215393,0
1,0.45457351207733154,0
1,0.4572620689868927,0
1,0.473145455121994,0
1,0.464324951171875,0
1,0.4697125554084778,0
1,0.4668554961681366,0
1,0.45368045568466187,0
0,0.47275540232658386,0
1,0.46388086676597595,0
1,0.46344032883644104,0
1,0.45460590720176697,0
1,0.4667637050151825,0
0,0.4674457311630249,0
0,0.47023069858551025,0
1,0.4691561758518219,0
1,0.45359450578689575,0
0,0.44972822070121765,0
0,0.46965524554252625,0
1,0.47170355916023254,0
0,0.4696653485298157,0
1,0.46741703152656555,0
1,0.46363359689712524,0
1,0.4619901180267334,0
0,0.45404210686683655,0
1,0.459525465965271,0
0,0.4726170301437378,0
1,0.46150147914886475,0
1,0.4522179067134857,0
0,0.4696906805038452,0
0,0.47226887941360474,0
0,0.4712107479572296,0
1,0.4672824740409851,0
0,0.47023695707321167,0
1,0.4557831287384033,0
1,0.4699007570743561,0
0,0.46951648592948914,0
0,0.4728153645992279,0
1,0.4728527367115021,0
0,0.46620285511016846,0
1,0.47010883688926697,0
0,0.4692782163619995,0
1,0.46435990929603577,0
0,0.4739176630973816,0
1,0.4698150157928467,0
1,0.47248637676239014,0
1,0.47262293100357056,0
0,0.46524131298065186,0
1,0.47146594524383545,0
1,0.4687492847442627,0
1,0.4636053144931793,0
0,0.45353928208351135,0
0,0.46945685148239136,0
1,0.45534747838974,0
1,0.4642622470855713,0
0,0.46804559230804443,0
1,0.47257548570632935,0
1,0.4628969728946686,0
1,0.47003230452537537,0
0,0.46233105659484863,0
0,0.46998536586761475,0
0,0.46544668078422546,0
1,0.46631377935409546,0
1,0.461512953042984,0
1,0.46513602137565613,0
1,0.4696340560913086,0
1,0.4560491442680359,0
0,0.47266027331352234,0
1,0.4629555344581604,0
1,0.45312759280204773,0
1,0.4665508270263672,0
1,0.47069475054740906,0
0,0.4671684801578522,0
1,0.45357051491737366,0
1,0.46082642674446106,0
0,0.46973830461502075,0
1,0.4700244963169098,0
1,0.47268253564834595,0
0,0.4599868953227997,0
1,0.4535342752933502,0
0,0.4611044228076935,0
1,0.4583556056022644,0
0,0.46980148553848267,0
0,0.4545368254184723,0
0,0.46138617396354675,0
0,0.47135263681411743,0
0,0.4719525873661041,0
0,0.4702296853065491,0
1,0.47210344672203064,0
1,0.46537667512893677,0
0,0.4695451259613037,0
1,0.47221124172210693,0
0,0.47267284989356995,0
0,0.4718608260154724,0
1,0.472746878862381,0
1,0.47235801815986633,0
0,0.4585780203342438,0
0,0.4730415344238281,0
1,0.47162002325057983,0
0,0.4721304476261139,0
0,0.46450066566467285,0
1,0.46399006247520447,0
0,0.4638722836971283,0
1,0.4702024757862091,0
1,0.4711996912956238,0
1,0.4570908546447754,0
0,0.4736296832561493,0
1,0.46965208649635315,0
1,0.46465519070625305,0
1,0.4545325040817261,0
0,0.4625690281391144,0
1,0.45510390400886536,0
0,0.4658350348472595,0
1,0.4696187376976013,0
0,0.46474510431289673,0
1,0.457325279712677,0
0,0.4693042039871216,0
1,0.47251054644584656,0
1,0.4677014946937561,0
1,0.46231645345687866,0
1,0.473218709230423,0
0,0.4702575206756592,0
0,0.4666248857975006,0
1,0.46620848774909973,0
0,0.4685291051864624,0
0,0.46393924951553345,0
1,0.4729933440685272,0
1,0.4700184464454651,0
0,0.47386834025382996,0
0,0.45632094144821167,0
0,0.45329856872558594,0
1,0.47016945481300354,0
1,0.46506932377815247,0
1,0.4633723795413971,0
1,0.4703488051891327,0
0,0.47297677397727966,0
0,0.4674648344516754,0
1,0.4683138430118561,0
1,0.47228169441223145,0
1,0.47223368287086487,0
1,0.46814489364624023,0
0,0.4572869837284088,0
1,0.4600258767604828,0
0,0.4726148843765259,0
1,0.4696563482284546,0
0,0.4683191776275635,0
0,0.4715888798236847,0
0,0.4731341004371643,0
1,0.46290838718414307,0
1,0.4721606373786926,0
1,0.47192955017089844,0
1,0.45926401019096375,0
0,0.4729464650154114,0
0,0.4638983905315399,0
1,0.4696521759033203,0
0,0.46630585193634033,0
0,0.4692358374595642,0
1,0.47185245156288147,0
1,0.4726361930370331,0
1,0.45593106746673584,0
1,0.4580545127391815,0
1,0.4531548023223877,0
0,0.47177156805992126,0
0,0.47057831287384033,0
1,0.46466368436813354,0
1,0.47061675786972046,0
0,0.4571680724620819,0
0,0.4739757180213928,0
1,0.4715781807899475,0
0,0.46934106945991516,0
0,0.4725264012813568,0
1,0.4704797565937042,0
0,0.4711027443408966,0
0,0.4722175598144531,0
0,0.45604386925697327,0
1,0.472846120595932,0
0,0.47068852186203003,0
1,0.4542160928249359,0
1,0.4646334648132324,0
1,0.45481982827186584,0
1,0.47276192903518677,0
0,0.4567871391773224,0
0,0.46222037076950073,0
0,0.4739280045032501,0
0,0.4705279469490051,0
0,0.46347755193710327,0
0,0.4643390476703644,0
0,0.4711255431175232,0
0,0.47398969531059265,0
0,0.46276500821113586,0
1,0.4640774726867676,0
0,0.4719224274158478,0
0,0.4656350314617157,0
0,0.4698818027973175,0
0,0.45976653695106506,0
1,0.47077447175979614,0
0,0.4729134142398834,0
0,0.46817442774772644,0
1,0.46355921030044556,0
1,0.4616391658782959,0
1,0.47243592143058777,0
1,0.47305336594581604,0
0,0.45558398962020874,0
0,0.4642452001571655,0
1,0.46218475699424744,0
1,0.4616694748401642,0
0,0.46430274844169617,0
1,0.4726312756538391,0
1,0.4697020947933197,0
1,0.4697253108024597,0
1,0.4217849373817444,0
1,0.47268009185791016,0
0,0.4647009074687958,0
1,0.4703611135482788,0
1,0.4696222245693207,0
0,0.4729088246822357,0
0,0.4643329679965973,0
1,0.4717128872871399,0
1,0.4533538818359375,0
0,0.4556763470172882,0
0,0.47104325890541077,0
0,0.4660083055496216,0
1,0.4714386761188507,0
1,0.4728221297264099,0
1,0.45489993691444397,0
1,0.4730616807937622,0
0,0.45414841175079346,0
0,0.4700918197631836,0
0,0.4725354313850403,0
1,0.47187113761901855,0
1,0.46514296531677246,0
0,0.463140070438385,0
1,0.4700189232826233,0
1,0.4730578362941742,0
1,0.47263768315315247,0
1,0.46754705905914307,0
1,0.47089657187461853,0
1,0.4664190411567688,0
1,0.46385300159454346,0
1,0.4682869613170624,0
0,0.4646010398864746,0
1,0.462738960981369,0
0,0.4662667512893677,0
0,0.4606878459453583,0
1,0.46381959319114685,0
0,0.4719015061855316,0
1,0.4660928547382355,0
0,0.460361510515213,0
1,0.47147437930107117,0
1,0.46985605359077454,0
1,0.45674166083335876,0
1,0.46415406465530396,0
0,0.4738289415836334,0
1,0.4625256657600403,0
1,0.4730440378189087,0
0,0.4662027359008789,0
1,0.4607084095478058,0
0,0.47081875801086426,0
0,0.47239089012145996,0
0,0.45988592505455017,0
0,0.47268712520599365,0
1,0.4727160930633545,0
1,0.46312177181243896,0
0,0.44624030590057373,0
0,0.47269243001937866,0
0,0.4698839485645294,0
0,0.465371310710907,0
1,0.473903089761734,0
1,0.46964210271835327,0
0,0.4669657349586487,0
0,0.47192826867103577,0
0,0.473561555147171,0
1,0.4736572504043579,0
1,0.46965622901916504,0
0,0.4696519374847412,0
1,0.47360140085220337,0
1,0.4493037164211273,0
0,0.4739777445793152,0
0,0.47287383675575256,0
1,0.4738372564315796,0
1,0.47088900208473206,0
1,0.46965497732162476,0
0,0.4659750759601593,0
0,0.45481520891189575,0
1,0.4544707238674164,0
0,0.46537265181541443,0
0,0.47155675292015076,0
0,0.4553370475769043,0
0,0.4633505642414093,0
1,0.4701646566390991,0
1,0.4726775288581848,0
0,0.47222256660461426,0
1,0.46859511733055115,0
0,0.4726172983646393,0
0,0.4652797281742096,0
1,0.47284576296806335,0
0,0.4583011567592621,0
0,0.4739205539226532,0
1,0.472671240568161,0
0,0.4734112024307251,0
0,0.47275465726852417,0
0,0.4700266122817993,0
1,0.4723132252693176,0
1,0.46482449769973755,0
1,0.46290698647499084,0
1,0.47262468934059143,0
0,0.4648825228214264,0
1,0.46965229511260986,0
1,0.47293707728385925,0
1,0.47109416127204895,0
1,0.4742373526096344,0
1,0.4544254243373871,0
1,0.47296908497810364,0
0,0.4646053612232208,0
1,0.4695751965045929,0
0,0.46770650148391724,0
1,0.4717055559158325,0
0,0.4699477255344391,0
1,0.47341644763946533,0
1,0.4555280804634094,0
0,0.47237399220466614,0
0,0.4558789134025574,0
1,0.47162866592407227,0
0,0.47174546122550964,0
1,0.4684695601463318,0
1,0.4731801748275757,0
1,0.4713508188724518,0
1,0.47276586294174194,0
1,0.47369951009750366,0
0,0.47090956568717957,0
0,0.47173574566841125,0
1,0.4608416259288788,0
0,0.47263774275779724,0
0,0.4694099426269531,0
0,0.468829870223999,0
0,0.4567050337791443,0
0,0.46169427037239075,0
0,0.4654785096645355,0
1,0.46075621247291565,0
1,0.456859827041626,0
0,0.47125375270843506,0
0,0.46977537870407104,0
0,0.4554630517959595,0
1,0.4683256447315216,0
0,0.47286537289619446,0
0,0.46964094042778015,0
1,0.4729648232460022,0
0,0.46692243218421936,0
1,0.4730260372161865,0
1,0.47095823287963867,0
1,0.46305790543556213,0
1,0.47230541706085205,0
1,0.4696858525276184,0
1,0.47320622205734253,0
1,0.4589044451713562,0
0,0.4683610200881958,0
1,0.4691694974899292,0
1,0.4698614776134491,0
0,0.47233983874320984,0
1,0.4730065166950226,0
0,0.45648443698883057,0
1,0.4711046516895294,0
1,0.4682970643043518,0
1,0.465500146150589,0
0,0.46423450112342834,0
1,0.4685116708278656,0
1,0.4696597456932068,0
0,0.47266361117362976,0
1,0.462787926197052,0
1,0.47268396615982056,0
1,0.46677786111831665,0
1,0.45582115650177,0
0,0.473763108253479,0
1,0.45656487345695496,0
1,0.4628206193447113,0
1,0.47314780950546265,0
1,0.4736560583114624,0
1,0.46908921003341675,0
0,0.4669022262096405,0
1,0.45953723788261414,0
1,0.4707205891609192,0
0,0.4707165062427521,0
0,0.45886215567588806,0
1,0.4530301094055176,0
0,0.46415185928344727,0
0,0.47108179330825806,0
0,0.47398558259010315,0
1,0.4621172845363617,0
1,0.4683479368686676,0
1,0.4647865891456604,0
0,0.4724692404270172,0
0,0.471981942653656,0
1,0.47276926040649414,0
1,0.4559209942817688,0
1,0.4715738296508789,0
1,0.46482306718826294,0
0,0.469759076833725,0
0,0.4680764675140381,0
0,0.4684510827064514,0
0,0.46080559492111206,0
0,0.4686567485332489,0
1,0.46453458070755005,0
1,0.4727524220943451,0
1,0.4718790352344513,0
1,0.47378456592559814,0
0,0.46626198291778564,0
1,0.6756213903427124,1
0,0.4549119770526886,0
0,0.4719391465187073,0
0,0.4696144759654999,0
1,0.4644091725349426,0
0,0.4665208160877228,0
1,0.46453672647476196,0
0,0.45365995168685913,0
0,0.4699649214744568,0
0,0.46235206723213196,0
0,0.47278913855552673,0
0,0.4583100378513336,0
1,0.4717941880226135,0
1,0.47069069743156433,0
1,0.4537777006626129,0
0,0.4533570110797882,0
1,0.4673827588558197,0
0,0.471331387758255,0
0,0.4682173728942871,0
1,0.4664400517940521,0
0,0.4717763364315033,0
0,0.4727172553539276,0
1,0.4675637483596802,0
1,0.4619188904762268,0
1,0.4710361361503601,0
1,0.4677389860153198,0
1,0.4706411361694336,0
1,0.4698258936405182,0
0,0.46524617075920105,0
0,0.4690245985984802,0
0,0.463499516248703,0
1,0.4666328430175781,0
1,0.46376359462738037,0
0,0.4727332592010498,0
1,0.47176027297973633,0
0,0.47374990582466125,0
1,0.4700630009174347,0
0,0.4631234109401703,0
0,0.4632510244846344,0
1,0.4751226603984833,0
1,0.47016990184783936,0
0,0.47275248169898987,0
1,0.47203904390335083,0
1,0.473580002784729,0
1,0.47266143560409546,0
1,0.46962469816207886,0
0,0.4726748466491699,0
0,0.46133726835250854,0
1,0.4727592468261719,0
0,0.46286046504974365,0
1,0.46484872698783875,0
1,0.47221726179122925,0
0,0.46817103028297424,0
0,0.46248364448547363,0
1,0.47054821252822876,0
1,0.4614737927913666,0
0,0.4731515944004059,0
1,0.4636998772621155,0
1,0.46814635396003723,0
1,0.4706478416919708,0
0,0.46951791644096375,0
0,0.4623592495918274,0
0,0.4708993136882782,0
0,0.46889811754226685,0
0,0.47009941935539246,0
1,0.4653918445110321,0
0,0.4664369225502014,0
1,0.47247177362442017,0
1,0.47006431221961975,0
0,0.45630761981010437,0
0,0.4671754539012909,0
1,0.46989205479621887,0
1,0.4623402953147888,0
0,0.46056076884269714,0
1,0.4696384072303772,0
0,0.468737930059433,0
0,0.47251245379447937,0
1,0.4551161527633667,0
0,0.4610254168510437,0
1,0.47307151556015015,0
0,0.467352032661438,0
0,0.46594473719596863,0
1,0.4647265076637268,0
1,0.46842920780181885,0
1,0.4717813730239868,0
1,0.47219881415367126,0
1,0.470618337392807,0
0,0.4539342224597931,0
0,0.47268614172935486,0
1,0.469920814037323,0
0,0.4684741199016571,0
0,0.46548616886138916,0
0,0.45974940061569214,0
1,0.4523547291755676,0
1,0.46085813641548157,0
1,0.47253161668777466,0
1,0.46855804324150085,0
1,0.47239434719085693,0
0,0.46805432438850403,0
0,0.4681597352027893,0
1,0.47282981872558594,0
1,0.46035081148147583,0
0,0.4666125774383545,0
1,0.47274160385131836,0
0,0.4723719656467438,0
1,0.47277235984802246,0
1,0.4706193804740906,0
0,0.4740009903907776,0
0,0.4739755094051361,0
1,0.4551352560520172,0
0,0.4580789804458618,0
0,0.46571585536003113,0
1,0.47353851795196533,0
0,0.4704056680202484,0
1,0.47226962447166443,0
1,0.46922025084495544,0
0,0.4722300171852112,0
0,0.4696376621723175,0
0,0.4683866500854492,0
1,0.46871858835220337,0
1,0.4716222286224365,0
1,0.47170519828796387,0
1,0.46531444787979126,0
0,0.46865618228912354,0
1,0.47154825925827026,0
1,0.4667285680770874,0
1,0.46781668066978455,0
1,0.47150978446006775,0
0,0.47092384099960327,0
1,0.47070959210395813,0
0,0.45712730288505554,0
1,0.4646034836769104,0
1,0.47069257497787476,0
1,0.4709666967391968,0
1,0.46985673904418945,0
0,0.47196489572525024,0
1,0.46949905157089233,0
1,0.46504172682762146,0
0,0.46861720085144043,0
1,0.454618901014328,0
1,0.45499613881111145,0
0,0.4710087180137634,0
0,0.469686359167099,0
1,0.45506519079208374,0
0,0.4628413915634155,0
0,0.4739697575569153,0
0,0.47161349654197693,0
0,0.4704074263572693,0
0,0.4727773666381836,0
0,0.46331924200057983,0
1,0.4738835394382477,0
0,0.47265109419822693,0
1,0.4705209732055664,0
1,0.46196138858795166,0
1,0.4720890522003174,0
1,0.45920056104660034,0
1,0.4659585952758789,0
0,0.46092489361763,0
1,0.4601178765296936,0
0,0.472526490688324,0
0,0.4553322196006775,0
1,0.46109482645988464,0
0,0.4538246691226959,0
1,0.4647407531738281,0
0,0.4693615436553955,0
1,0.46967121958732605,0
1,0.47016170620918274,0
0,0.4534006118774414,0
0,0.4613989293575287,0
1,0.46874040365219116,0
1,0.4676816165447235,0
0,0.47359466552734375,0
1,0.46894803643226624,0
0,0.46259576082229614,0
0,0.47270405292510986,0
1,0.4720512330532074,0
1,0.4732531011104584,0
0,0.46697479486465454,0
0,0.4706907868385315,0
1,0.4697267711162567,0
0,0.4556872546672821,0
0,0.47116661071777344,0
0,0.46645432710647583,0
1,0.4667975604534149,0
1,0.47191256284713745,0
0,0.45819178223609924,0
0,0.47246891260147095,0
0,0.4721096158027649,0
0,0.4688586890697479,0
1,0.4654519259929657,0
0,0.47274258732795715,0
1,0.4704631268978119,0
0,0.4687916338443756,0
0,0.47087839245796204,0
1,0.4592808187007904,0
1,0.4737696945667267,0
1,0.4607844054698944,0
0,0.46448034048080444,0
1,0.466334730386734,0
0,0.47138747572898865,0
1,0.4672700762748718,0
0,0.4670216739177704,0
1,0.465923935174942,0
0,0.46862107515335083,0
1,0.4717598557472229,0
0,0.45406973361968994,0
1,0.4672677218914032,0
0,0.4699079692363739,0
1,0.4685436189174652,0
0,0.4732588529586792,0
1,0.46453502774238586,0
1,0.46432921290397644,0
1,0.47321370244026184,0
1,0.46580398082733154,0
1,0.47090888023376465,0
0,0.4616791307926178,0
0,0.46965059638023376,0
1,0.47261425852775574,0
0,0.4696580767631531,0
0,0.46559229493141174,0
0,0.4706733524799347,0
0,0.4639473557472229,0
1,0.46895673871040344,0
0,0.4506264626979828,0
1,0.4723275899887085,0
1,0.4656364917755127,0
1,0.4714109003543854,0
0,0.46845585107803345,0
0,0.47379133105278015,0
1,0.46965843439102173,0
0,0.4669857919216156,0
1,0.4704299569129944,0
0,0.4704587161540985,0
1,0.4540819227695465,0
1,0.46176645159721375,0
1,0.46661683917045593,0
1,0.45224541425704956,0
0,0.4705541729927063,0
1,0.46401286125183105,0
1,0.4693320393562317,0
1,0.4693932831287384,0
1,0.4708501994609833,0
1,0.46418190002441406,0
1,0.46876606345176697,0
1,0.4581768214702606,0
1,0.47177672386169434,0
0,0.46806424856185913,0
0,0.47313448786735535,0
0,0.464010626077652,0
0,0.45669180154800415,0
1,0.4691087305545807,0
1,0.4658707082271576,0
0,0.47365128993988037,0
0,0.473226398229599,0
1,0.4727785289287567,0
1,0.47023117542266846,0
0,0.47156384587287903,0
1,0.4648679792881012,0
0,0.4544163644313812,0
1,0.4715302586555481,0
1,0.4688928723335266,0
0,0.47026458382606506,0
1,0.472899854183197,0
0,0.473418265581131,0
1,0.46375253796577454,0
0,0.4735119044780731,0
1,0.4736930727958679,0
0,0.47191232442855835,0
1,0.45893803238868713,0
1,0.46311089396476746,0
1,0.4729051887989044,0
0,0.46900057792663574,0
1,0.46150651574134827,0
1,0.4609181880950928,0
0,0.4641297161579132,0
1,0.46713095903396606,0
0,0.47152674198150635,0
0,0.46950283646583557,0
0,0.4560667872428894,0
0,0.46164238452911377,0
1,0.4555870592594147,0
1,0.4699605703353882,0
1,0.4726680517196655,0
1,0.4724230468273163,0
1,0.4676448702812195,0
1,0.46510428190231323,0
1,0.4617449939250946,0
0,0.4692382514476776,0
0,0.4700500965118408,0
1,0.4709146022796631,0
1,0.46534672379493713,0
0,0.47149962186813354,0
0,0.4648618996143341,0
0,0.45776912569999695,0
0,0.46803367137908936,0
0,0.47074583172798157,0
1,0.4675549864768982,0
0,0.4695096015930176,0
0,0.472639799118042,0
0,0.47267699241638184,0
1,0.4708031117916107,0
1,0.4731324017047882,0
1,0.46557843685150146,0
0,0.47267550230026245,0
1,0.4697679579257965,0
0,0.47198206186294556,0
1,0.4671279489994049,0
0,0.4677979052066803,0
1,0.4733062982559204,0
1,0.465748131275177,0
0,0.4646022915840149,0
1,0.46687835454940796,0
1,0.47374048829078674,0
1,0.46356871724128723,0
0,0.4699784517288208,0
0,0.47263166308403015,0
1,0.4733770191669464,0
0,0.47096166014671326,0
0,0.47250860929489136,0
0,0.4697420299053192,0
0,0.47221848368644714,0
0,0.46465951204299927,0
0,0.46500179171562195,0
1,0.4688807725906372,0
0,0.4726003110408783,0
0,0.4689072370529175,0
0,0.46940672397613525,0
0,0.45732349157333374,0
1,0.47208258509635925,0
1,0.45984145998954773,0
0,0.46584516763687134,0
1,0.4727742671966553,0
1,0.4724576771259308,0
0,0.47140640020370483,0
0,0.47285693883895874,0
1,0.4643062353134155,0
0,0.4521528482437134,0
0,0.4727514684200287,0
0,0.45710837841033936,0
1,0.47033241391181946,0
0,0.4710623025894165,0
1,0.47062963247299194,0
0,0.47027909755706787,0
1,0.4692496955394745,0
1,0.4715558588504791,0
1,0.46085768938064575,0
0,0.4704285264015198,0
1,0.4703848361968994,0
0,0.4720727503299713,0
0,0.46615538001060486,0
1,0.4724870026111603,0
1,0.4714183211326599,0
0,0.4697287678718567,0
0,0.4551513195037842,0
1,0.4709131717681885,0
0,0.46853524446487427,0
0,0.4712589383125305,0
1,0.4685610830783844,0
1,0.4705338478088379,0
0,0.4701831042766571,0
0,0.4637296199798584,0
0,0.45542678236961365,0
0,0.4697069823741913,0
0,0.47127851843833923,0
0,0.46116316318511963,0
1,0.4689275920391083,0
0,0.46239519119262695,0
1,0.46372514963150024,0
0,0.47381946444511414,0
0,0.47341740131378174,0
0,0.4699888825416565,0
0,0.47262969613075256,0
0,0.47062984108924866,0
0,0.4611181616783142,0
1,0.4544938802719116,0
0,0.46076083183288574,0
1,0.46399930119514465,0
0,0.4682474434375763,0
1,0.43327635526657104,0
0,0.4718141257762909,0
1,0.47303521633148193,0
0,0.4731258153915405,0
1,0.46830371022224426,0
1,0.46623238921165466,0
0,0.4726686179637909,0
0,0.46407461166381836,0
0,0.47320473194122314,0
0,0.4612257480621338,0
1,0.46816325187683105,0
0,0.46438342332839966,0
0,0.4725792109966278,0
1,0.4686581492424011,0
0,0.4686252176761627,0
1,0.45392024517059326,0
1,0.46874427795410156,0
1,0.4738956093788147,0
0,0.47268247604370117,0
1,0.47428098320961,0
1,0.47336483001708984,0
0,0.4731418490409851,0
0,0.46971219778060913,0
1,0.4564707577228546,0
1,0.4549817740917206,0
0,0.4696497619152069,0
0,0.4719591736793518,0
1,0.46591874957084656,0
1,0.46806392073631287,0
1,0.4569067060947418,0
0,0.4701933264732361,0
1,0.46625468134880066,0
0,0.47170212864875793,0
0,0.464790940284729,0
1,0.47193825244903564,0
1,0.4700513482093811,0
1,0.4607482850551605,0
0,0.47186222672462463,0
0,0.4630719721317291,0
1,0.47266730666160583,0
1,0.46243542432785034,0
1,0.4657895565032959,0
0,0.4704951047897339,0
1,0.4727340042591095,0
1,0.4710327982902527,0
1,0.47286179661750793,0
1,0.46469876170158386,0
1,0.47273170948028564,0
1,0.464537650346756,0
0,0.4716663658618927,0
1,0.46929049491882324,0
1,0.4536987245082855,0
0,0.471804141998291,0
0,0.45613792538642883,0
1,0.47118285298347473,0
1,0.47324010729789734,0
0,0.47289153933525085,0
1,0.4631483554840088,0
1,0.4711677134037018,0
1,0.4738341271877289,0
0,0.4731140732765198,0
0,0.46674177050590515,0
0,0.4610006809234619,0
1,0.47244250774383545,0
0,0.4687485694885254,0
0,0.47253066301345825,0
0,0.4699704647064209,0
1,0.4727402925491333,0
1,0.45506197214126587,0
0,0.46695294976234436,0
0,0.46039050817489624,0
0,0.466155081987381,0
0,0.46963146328926086,0
1,0.46961817145347595,0
0,0.4563920497894287,0
1,0.472544401884079,0
1,0.473986953496933,0
1,0.4736228883266449,0
1,0.466560423374176,0
1,0.4703710675239563,0
1,0.4651103913784027,0
0,0.47151821851730347,0
1,0.46950510144233704,0
1,0.4630817770957947,0
0,0.46979406476020813,0
1,0.4700070023536682,0
0,0.47287726402282715,0
0,0.46719199419021606,0
0,0.46083271503448486,0
0,0.4698184132575989,0
0,0.4696292579174042,0
0,0.4729457199573517,0
1,0.47268158197402954,0
1,0.46945032477378845,0
0,0.4608319103717804,0
1,0.46164295077323914,0
0,0.4683328866958618,0
1,0.4701640009880066,0
1,0.47224298119544983,0
1,0.47319239377975464,0
1,0.4647791385650635,0
0,0.45578518509864807,0
0,0.4669448435306549,0
1,0.4559486508369446,0
1,0.4738738238811493,0
1,0.471143901348114,0
0,0.4739086627960205,0
1,0.4727347493171692,0
0,0.4701624810695648,0
0,0.4739174544811249,0
1,0.46969541907310486,0
1,0.4727397561073303,0
1,0.47071462869644165,0
1,0.47007548809051514,0
0,0.4563385248184204,0
1,0.4653491973876953,0
0,0.46965718269348145,0
1,0.46421682834625244,0
0,0.47329896688461304,0
0,0.46306055784225464,0
0,0.46089839935302734,0
1,0.47127828001976013,0
0,0.4691535532474518,0
0,0.46379730105400085,0
1,0.46050283312797546,0
0,0.4521406888961792,0
0,0.45587387681007385,0
1,0.4536285102367401,0
1,0.47114306688308716,0
0,0.4546240270137787,0
1,0.4724378287792206,0
0,0.47267332673072815,0
1,0.47270363569259644,0
0,0.46879276633262634,0
1,0.4698629081249237,0
1,0.4730643033981323,0
0,0.4687706232070923,0
1,0.4727872908115387,0
0,0.4701877236366272,0
1,0.4601081609725952,0
0,0.46526071429252625,0
0,0.4725140333175659,0
0,0.4697117209434509,0
0,0.4707309305667877,0
1,0.4600502550601959,0
1,0.45546990633010864,0
0,0.46031174063682556,0
0,0.4724206030368805,0
1,0.4732149839401245,0
1,0.466924250125885,0
1,0.45676350593566895,0
0,0.4691360592842102,0
1,0.47173187136650085,0
0,0.4708710312843323,0
1,0.47239163517951965,0
1,0.4731898903846741,0
1,0.45973822474479675,0
0,0.4737814664840698,0
0,0.46165931224823,0
0,0.4697049856185913,0
1,0.4727246165275574,0
1,0.46662047505378723,0
0,0.4590177536010742,0
0,0.47038257122039795,0
0,0.4553408622741699,0
0,0.474018931388855,0
1,0.46642711758613586,0
1,0.4696525037288666,0
1,0.4669445753097534,0
1,0.46925511956214905,0
0,0.46951401233673096,0
1,0.47260379791259766,0
0,0.4699271619319916,0
1,0.4608366787433624,0
0,0.47310683131217957,0
0,0.4679615795612335,0
0,0.472517192363739,0
0,0.4738192558288574,0
0,0.46807625889778137,0
1,0.46574637293815613,0
1,0.4341978132724762,0
1,0.4712456464767456,0
0,0.4603216052055359,0
1,0.4664829969406128,0
0,0.46422484517097473,0
0,0.454778254032135,0
1,0.47266367077827454,0
0,0.47257494926452637,0
1,0.46256715059280396,0
1,0.4646563231945038,0
0,0.46710819005966187,0
1,0.469840943813324,0
0,0.45231935381889343,0
0,0.4686812162399292,0
1,0.4653034508228302,0
1,0.47115397453308105,0
1,0.4681378901004791,0
1,0.459608256816864,0
1,0.46253180503845215,0
0,0.47099313139915466,0
0,0.47085312008857727,0
1,0.4729098975658417,0
0,0.4719390869140625,0
1,0.47070199251174927,0
0,0.46975165605545044,0
0,0.4660604000091553,0
1,0.4703769385814667,0
0,0.4739803075790405,0
0,0.45684245228767395,0
1,0.47266462445259094,0
0,0.46974408626556396,0
1,0.4707657992839813,0
1,0.47171831130981445,0
1,0.4689023196697235,0
1,0.46084895730018616,0
0,0.4709828794002533,0
1,0.4590086042881012,0
1,0.47264331579208374,0
0,0.4730653762817383,0
0,0.4646320343017578,0
0,0.45855313539505005,0
1,0.4726282060146332,0
0,0.4617455005645752,0
1,0.4696487784385681,0
0,0.45242756605148315,0
0,0.46564367413520813,0
1,0.4719536602497101,0
0,0.4615738093852997,0
0,0.4691174328327179,0
1,0.46464067697525024,0
0,0.4728545546531677,0
0,0.4607297480106354,0
0,0.47283950448036194,0
0,0.47065773606300354,0
0,0.45943355560302734,0
1,0.4668383002281189,0
1,0.4643416106700897,0
0,0.46178823709487915,0
1,0.47251009941101074,0
0,0.45523232221603394,0
1,0.4717111885547638,0
1,0.46097317337989807,0
1,0.472841739654541,0
1,0.45456498861312866,0
0,0.47266528010368347,0
0,0.46929359436035156,0
0,0.4674667716026306,0
0,0.47068604826927185,0
1,0.47333717346191406,0
1,0.47360000014305115,0
0,0.47152286767959595,0
0,0.46818116307258606,0
0,0.4728512465953827,0
1,0.47162923216819763,0
0,0.4634479582309723,0
1,0.46153995394706726,0
0,0.4712320864200592,0
0,0.4727267622947693,0
1,0.47236567735671997,0
0,0.47338712215423584,0
0,0.4701305031776428,0
0,0.45523199439048767,0
1,0.47008538246154785,0
1,0.4729090929031372,0
0,0.4690241813659668,0
0,0.4705028235912323,0
0,0.47228237986564636,0
0,0.4661528170108795,0
1,0.45447486639022827,0
0,0.4718914330005646,0
0,0.4675601124763489,0
0,0.4714808464050293,0
0,0.46246060729026794,0
0,0.4722147583961487,0
0,0.4655130207538605,0
0,0.46361956000328064,0
0,0.47112172842025757,0
0,0.4688877463340759,0
0,0.461786687374115,0
1,0.4726799726486206,0
0,0.4679538309574127,0
1,0.46621736884117126,0
1,0.47055211663246155,0
1,0.47077447175979614,0
0,0.4716264307498932,0
1,0.45831555128097534,0
0,0.4611608386039734,0
1,0.46258556842803955,0
1,0.4729970395565033,0
1,0.4644937813282013,0
0,0.4611496031284332,0
0,0.45511189103126526,0
0,0.47016337513923645,0
1,0.4727531671524048,0
1,0.4701565206050873,0
0,0.47035887837409973,0
0,0.47262895107269287,0
0,0.4727174639701843,0
0,0.4630451798439026,0
1,0.469905287027359,0
0,0.4588727056980133,0
1,0.47084206342697144,0
0,0.4687696099281311,0
0,0.46472036838531494,0
0,0.461058646440506,0
1,0.47268614172935486,0
1,0.46170565485954285,0
0,0.4643864333629608,0
1,0.4629303812980652,0
0,0.46792832016944885,0
0,0.4696537256240845,0
1,0.47184714674949646,0
0,0.46868738532066345,0
1,0.47075948119163513,0
1,0.46305856108665466,0
0,0.45413002371788025,0
1,0.46971431374549866,0
1,0.47177135944366455,0
0,0.4647037982940674,0
0,0.46648257970809937,0
0,0.4666595757007599,0
0,0.471077561378479,0
0,0.46829888224601746,0
1,0.46939775347709656,0
0,0.4696516990661621,0
1,0.47234174609184265,0
0,0.4730835556983948,0
1,0.46967583894729614,0
1,0.47339197993278503,0
1,0.47333282232284546,0
0,0.47083112597465515,0
0,0.46395114064216614,0
1,0.46715110540390015,0
0,0.4728667140007019,0
1,0.4706000089645386,0
0,0.4644930958747864,0
1,0.46960023045539856,0
1,0.4652126133441925,0
0,0.4652579724788666,0
1,0.4722616970539093,0
0,0.4701729714870453,0
0,0.4596077501773834,0
1,0.47176414728164673,0
1,0.457331120967865,0
0,0.46616020798683167,0
0,0.47382545471191406,0
0,0.47118598222732544,0
0,0.47064822912216187,0
0,0.4574645459651947,0
1,0.45628756284713745,0
0,0.46653276681900024,0
0,0.4626946747303009,0
0,0.47237399220466614,0
0,0.4653830826282501,0
0,0.47258660197257996,0
0,0.4606133699417114,0
0,0.47017529606819153,0
0,0.451996773481369,0
1,0.46546879410743713,0
1,0.46913886070251465,0
1,0.4632509648799896,0
1,0.46317926049232483,0
0,0.4634000062942505,0
1,0.4571243226528168,0
0,0.472409725189209,0
1,0.4708156883716583,0
0,0.47039148211479187,0
0,0.4663630425930023,0
0,0.47288158535957336,0
1,0.4658224582672119,0
0,0.4696584939956665,0
0,0.45820584893226624,0
1,0.4728866517543793,0
1,0.4657571315765381,0
0,0.4602348804473877,0
0,0.47213757038116455,0
1,0.460384339094162,0
1,0.46871429681777954,0
0,0.4718957841396332,0
1,0.46161454916000366,0
0,0.46791762113571167,0
0,0.4658679664134979,0
1,0.4668828845024109,0
1,0.47145259380340576,0
0,0.4662732779979706,0
1,0.4731825590133667,0
1,0.46721717715263367,0
1,0.4724944531917572,0
1,0.47209325432777405,0
0,0.4726253151893616,0
1,0.4689132273197174,0
0,0.47039052844047546,0
1,0.4655551314353943,0
0,0.4735488295555115,0
1,0.47346726059913635,0
1,0.4696555435657501,0
1,0.4632105529308319,0
1,0.4577569365501404,0
1,0.4713553786277771,0
0,0.45560112595558167,0
0,0.46581122279167175,0
1,0.4688064157962799,0
0,0.4661906361579895,0
0,0.4641805589199066,0
1,0.45914024114608765,0
0,0.47410494089126587,0
1,0.470384418964386,0
0,0.4697040915489197,0
1,0.46998050808906555,0
0,0.46532657742500305,0
0,0.4688865840435028,0
1,0.4642629623413086,0
0,0.4708366394042969,0
1,0.46195900440216064,0
1,0.4690718948841095,0
0,0.4595535695552826,0
1,0.4704923629760742,0
0,0.45755207538604736,0
1,0.4547998309135437,0
0,0.4711088240146637,0
1,0.46450328826904297,0
0,0.4633843004703522,0
1,0.4672200083732605,0
0,0.4725100100040436,0
1,0.4692898690700531,0
0,0.46397095918655396,0
0,0.47099724411964417,0
1,0.4721812605857849,0
0,0.4726625978946686,0
1,0.47398290038108826,0
1,0.4667971432209015,0
0,0.4600790739059448,0
1,0.4638754725456238,0
1,0.4630683958530426,0
0,0.45975837111473083,0
0,0.4722501039505005,0
0,0.4508061408996582,0
0,0.46813446283340454,0
1,0.4594069719314575,0
0,0.46838903427124023,0
1,0.45398977398872375,0
0,0.45706191658973694,0
1,0.46828120946884155,0
1,0.45782846212387085,0
0,0.46047112345695496,0
0,0.46443772315979004,0
0,0.4696524441242218,0
0,0.4724838137626648,0
1,0.4680853486061096,0
0,0.4729402959346771,0
0,0.45949113368988037,0
1,0.460988312959671,0
0,0.4554983079433441,0
1,0.45454949140548706,0
0,0.46485793590545654,0
1,0.45698243379592896,0
0,0.4720890522003174,0
0,0.46093520522117615,0
0,0.4727391004562378,0
1,0.47338181734085083,0
1,0.4662478268146515,0
0,0.46871837973594666,0
0,0.46453148126602173,0
0,0.47248902916908264,0
0,0.46697354316711426,0
1,0.4713585674762726,0
0,0.4542803466320038,0
0,0.47350773215293884,0
1,0.47175899147987366,0
0,0.47296252846717834,0
1,0.4639500379562378,0
0,0.4701310098171234,0
1,0.47273707389831543,0
0,0.46083545684814453,0
1,0.4624500870704651,0
0,0.4726596176624298,0
0,0.47395414113998413,0
1,0.4676966369152069,0
0,0.4729215204715729,0
0,0.4650505483150482,0
1,0.47311505675315857,0
0,0.46862098574638367,0
0,0.4707116186618805,0
0,0.4710004925727844,0
0,0.4719114303588867,0
1,0.47274836897850037,0
0,0.4703315496444702,0
0,0.4739741086959839,0
1,0.4714529812335968,0
1,0.47139474749565125,0
1,0.474356085062027,0
0,0.46980011463165283,0
1,0.4731656312942505,0
1,0.46043938398361206,0
1,0.4720599949359894,0
1,0.4707787036895752,0
1,0.46484991908073425,0
1,0.4651211202144623,0
0,0.46539804339408875,0
1,0.45713678002357483,0
0,0.4735369086265564,0
0,0.4698454737663269,0
1,0.4722627103328705,0
0,0.4701571464538574,0
0,0.46928876638412476,0
1,0.4718645513057709,0
1,0.4596395194530487,0
1,0.4589875042438507,0
1,0.4714793562889099,0
0,0.46506965160369873,0
1,0.4726639986038208,0
0,0.4725794792175293,0
0,0.46173909306526184,0
1,0.45716801285743713,0
1,0.4720682203769684,0
1,0.47363564372062683,0
1,0.472668319940567,0
1,0.45752787590026855,0
1,0.4570091664791107,0
1,0.4691563844680786,0
1,0.46747803688049316,0
0,0.46916598081588745,0
0,0.46802711486816406,0
1,0.46906718611717224,0
0,0.46611902117729187,0
0,0.4696519672870636,0
0,0.4608954191207886,0
1,0.47227153182029724,0
1,0.4671313166618347,0
0,0.47192010283470154,0
0,0.4738110303878784,0
1,0.46888434886932373,0
1,0.46537119150161743,0
1,0.4738897681236267,0
1,0.45988956093788147,0
0,0.4682203531265259,0
1,0.4729161262512207,0
0,0.4739645719528198,0
1,0.4725622236728668,0
1,0.4688013792037964,0
0,0.47202545404434204,0
1,0.46846991777420044,0
1,0.4639230966567993,0
1,0.47294357419013977,0
1,0.46874263882637024,0
0,0.45818501710891724,0
1,0.4746381342411041,0
1,0.47096574306488037,0
1,0.4556739926338196,0
1,0.45370569825172424,0
0,0.469651460647583,0
1,0.45836183428764343,0
1,0.4736987352371216,0
1,0.46818169951438904,0
1,0.47232726216316223,0
0,0.4696308374404907,0
1,0.46688133478164673,0
1,0.47106093168258667,0
0,0.4518177807331085,0
1,0.4710145890712738,0
0,0.4608520567417145,0
0,0.4601808488368988,0
0,0.4709782600402832,0
0,0.4715091586112976,0
0,0.4455104470252991,0
0,0.4729921221733093,0
1,0.47314968705177307,0
0,0.4708889126777649,0
0,0.4578181803226471,0
0,0.47282490134239197,0
0,0.47303980588912964,0
1,0.46002817153930664,0
1,0.4720989763736725,0
0,0.4547043740749359,0
1,0.4643265902996063,0
1,0.4700652062892914,0
1,0.4723578691482544,0
1,0.4652860760688782,0
0,0.46311554312705994,0
0,0.46567201614379883,0
1,0.46545976400375366,0
0,0.46968743205070496,0
1,0.4608768820762634,0
1,0.47334420680999756,0
1,0.47146210074424744,0
0,0.45749783515930176,0
1,0.4716896414756775,0
0,0.4555817246437073,0
1,0.47135284543037415,0
1,0.47292962670326233,0
0,0.4691348671913147,0
0,0.45860007405281067,0
1,0.45770931243896484,0
0,0.4626080095767975,0
1,0.473539263010025,0
1,0.4706476330757141,0
0,0.4622948467731476,0
1,0.4631471335887909,0
1,0.4696611166000366,0
0,0.4719614088535309,0
1,0.46817708015441895,0
1,0.46435147523880005,0
1,0.47034475207328796,0
0,0.4725853204727173,0
1,0.4719688296318054,0
1,0.473259299993515,0
0,0.4726196229457855,0
1,0.45254775881767273,0
1,0.4732533097267151,0
0,0.4568505883216858,0
0,0.47397580742836,0
0,0.45907339453697205,0
0,0.46435055136680603,0
0,0.46519169211387634,0
1,0.4568827152252197,0
1,0.47268688678741455,0
1,0.4646073281764984,0
1,0.46422824263572693,0
1,0.47250616550445557,0
0,0.47207847237586975,0
0,0.47150957584381104,0
1,0.4729461073875427,0
1,0.47275200486183167,0
1,0.471402108669281,0
1,0.4689182639122009,0
0,0.4693867564201355,0
0,0.47021034359931946,0
1,0.4721912443637848,0
0,0.4737626910209656,0
0,0.46924981474876404,0
1,0.4733394980430603,0
0,0.4645487070083618,0
0,0.46860790252685547,0
1,0.47315454483032227,0
1,0.4724961519241333,0
0,0.4622734487056732,0
1,0.47260209918022156,0
1,0.46174073219299316,0
1,0.4638974666595459,0
0,0.47205713391304016,0
0,0.4660108983516693,0
0,0.46675702929496765,0
1,0.47102952003479004,0
1,0.47130706906318665,0
1,0.4602327048778534,0
1,0.47078821063041687,0
0,0.46653488278388977,0
1,0.47109538316726685,0
0,0.4657737612724304,0
0,0.46953725814819336,0
1,0.4628187417984009,0
1,0.47311046719551086,0
1,0.47236397862434387,0
1,0.4730510115623474,0
1,0.47075164318084717,0
1,0.4650186002254486,0
0,0.46629926562309265,0
1,0.4723530113697052,0
1,0.4637475907802582,0
0,0.4725911319255829,0
0,0.46041780710220337,0
1,0.47158104181289673,0
0,0.4728121757507324,0
1,0.4648626744747162,0
0,0.4689694344997406,0
1,0.46687155961990356,0
1,0.46409285068511963,0
1,0.46116408705711365,0
1,0.471087247133255,0
1,0.4739886224269867,0
0,0.4595215320587158,0
1,0.45886296033859253,0
1,0.4655231535434723,0
0,0.4559386372566223,0
0,0.46169793605804443,0
1,0.4720456600189209,0
1,0.47315219044685364,0
0,0.47029954195022583,0
0,0.4693123400211334,0
0,0.46938979625701904,0
1,0.46586936712265015,0
1,0.459046870470047,0
1,0.462169885635376,0
0,0.4555688500404358,0
1,0.4701056182384491,0
1,0.47275668382644653,0
1,0.46257004141807556,0
1,0.4725511074066162,0
0,0.4705275297164917,0
1,0.47059202194213867,0
1,0.47259005904197693,0
1,0.47101786732673645,0
0,0.4727116823196411,0
1,0.4709605872631073,0
0,0.46406644582748413,0
0,0.46158573031425476,0
1,0.47146695852279663,0
1,0.46690648794174194,0
1,0.46464094519615173,0
1,0.46565794944763184,0
1,0.46879372000694275,0
1,0.4677669107913971,0
0,0.46492961049079895,0
0,0.4675220549106598,0
1,0.47233089804649353,0
0,0.4727112948894501,0
1,0.466459184885025,0
1,0.4615410268306732,0
0,0.45969095826148987,0
1,0.4651961624622345,0
1,0.46899479627609253,0
0,0.4646071195602417,0
1,0.46703124046325684,0
1,0.4665067195892334,0
1,0.45797839760780334,0
0,0.4700590968132019,0
0,0.4684756398200989,0
0,0.46397969126701355,0
1,0.4579308331012726,0
0,0.4702896475791931,0
0,0.4709737300872803,0
0,0.4730461537837982,0
1,0.47312870621681213,0
1,0.4700634777545929,0
1,0.4690365493297577,0
0,0.4604467749595642,0
0,0.47237780690193176,0
0,0.4707278907299042,0
0,0.47029486298561096,0
1,0.472610741853714,0
0,0.4637877941131592,0
1,0.4559439420700073,0
0,0.4686308205127716,0
1,0.4699956178665161,0
1,0.4732612669467926,0
0,0.4736615717411041,0
0,0.4641050696372986,0
0,0.46109047532081604,0
1,0.47267910838127136,0
1,0.45184290409088135,0
0,0.4591369330883026,0
0,0.4703204929828644,0
0,0.46159669756889343,0
0,0.45576211810112,0
0,0.4555675685405731,0
0,0.4519388973712921,0
1,0.46945011615753174,0
0,0.46964189410209656,0
1,0.471679151058197,0
1,0.46860694885253906,0
1,0.4686349034309387,0
1,0.46325209736824036,0
1,0.4552464485168457,0
1,0.4732160270214081,0
1,0.47036615014076233,0
0,0.4544840157032013,0
0,0.4726695418357849,0
0,0.4731125831604004,0
0,0.4718911647796631,0
0,0.4701350927352905,0
0,0.4610156714916229,0
0,0.46260473132133484,0
1,0.4730908274650574,0
1,0.472526490688324,0
0,0.46619296073913574,0
1,0.4534620940685272,0
1,0.4729810953140259,0
1,0.46978527307510376,0
0,0.4711260199546814,0
1,0.47070303559303284,0
1,0.4661282002925873,0
1,0.47266659140586853,0
0,0.47176721692085266,0
0,0.4654879570007324,0
0,0.47276607155799866,0
1,0.469781756401062,0
1,0.473061740398407,0
1,0.4697790741920471,0
1,0.4709699749946594,0
1,0.4705004394054413,0
0,0.4730551838874817,0
0,0.46374422311782837,0
0,0.47382834553718567,0
0,0.47357502579689026,0
1,0.4693848788738251,0
0,0.4720325171947479,0
1,0.46487313508987427,0
1,0.4726490378379822,0
0,0.47156035900115967,0
0,0.4646075367927551,0
0,0.4730062186717987,0
0,0.4723460078239441,0
1,0.47268807888031006,0
0,0.47037968039512634,0
1,0.46398216485977173,0
1,0.4712603688240051,0
0,0.47102105617523193,0
1,0.4663357436656952,0
0,0.4629127085208893,0
1,0.47161126136779785,0
1,0.46971920132637024,0
1,0.4700392484664917,0
0,0.4653754234313965,0
1,0.4560714662075043,0
0,0.4655318856239319,0
0,0.4720577597618103,0
0,0.4680449068546295,0
1,0.47363942861557007,0
1,0.4738738536834717,0
0,0.47289666533470154,0
0,0.4624864161014557,0
1,0.4726128578186035,0
0,0.45775553584098816,0
1,0.47121694684028625,0
0,0.46257323026657104,0
1,0.4595954716205597,0
0,0.46777671575546265,0
1,0.4727516770362854,0
0,0.4726802408695221,0
1,0.4652872085571289,0
0,0.4589465260505676,0
0,0.45437246561050415,0
0,0.45952847599983215,0
0,0.4685254991054535,0
1,0.47102537751197815,0
1,0.4551132917404175,0
0,0.47017744183540344,0
0,0.454768568277359,0
1,0.4721587300300598,0
0,0.4642559885978699,0
1,0.45433947443962097,0
0,0.46549519896507263,0
1,0.46889281272888184,0
1,0.4677083194255829,0
0,0.4675311744213104,0
0,0.4608306884765625,0
1,0.4644566476345062,0
1,0.46968600153923035,0
0,0.4649659991264343,0
1,0.45885926485061646,0
1,0.4701506197452545,0
0,0.47202184796333313,0
0,0.46954819560050964,0
1,0.46458375453948975,0
0,0.4727124571800232,0
0,0.4726980924606323,0
0,0.46791207790374756,0
0,0.4661847651004791,0
0,0.45758113265037537,0
1,0.4644608497619629,0
0,0.4730406105518341,0
1,0.4620831608772278,0
0,0.4720877707004547,0
0,0.46965670585632324,0
0,0.47395268082618713,0
0,0.47267529368400574,0
1,0.4687516987323761,0
1,0.4700303375720978,0
0,0.47272515296936035,0
1,0.473788857460022,0
0,0.4727499783039093,0
1,0.4724059998989105,0
0,0.46968185901641846,0
0,0.4567442238330841,0
0,0.45670950412750244,0
0,0.45943164825439453,0
1,0.46553802490234375,0
0,0.4704509973526001,0
0,0.4724779427051544,0
0,0.46785134077072144,0
1,0.45459771156311035,0
1,0.4698125422000885,0
0,0.4710760712623596,0
0,0.4696953594684601,0
1,0.4659065306186676,0
0,0.46950793266296387,0
1,0.4718470871448517,0
0,0.4700286090373993,0
1,0.4716162085533142,0
1,0.4724668264389038,0
1,0.4656856656074524,0
1,0.4534144103527069,0
1,0.4739535450935364,0
0,0.45569729804992676,0
0,0.47021472454071045,0
0,0.46960222721099854,0
0,0.46694836020469666,0
1,0.4654385447502136,0
1,0.4738215208053589,0
1,0.47365882992744446,0
1,0.47292688488960266,0
0,0.4717022776603699,0
1,0.47016727924346924,0
0,0.46571218967437744,0
0,0.46303310990333557,0
0,0.46004825830459595,0
0,0.4705660045146942,0
0,0.4627942740917206,0
0,0.4548197388648987,0
1,0.46962422132492065,0
1,0.45949530601501465,0
1,0.4594827890396118,0
0,0.4617428481578827,0
1,0.47205084562301636,0
0,0.45667359232902527,0
0,0.4619784355163574,0
0,0.4645845890045166,0
1,0.4595335125923157,0
0,0.46437790989875793,0
1,0.46728017926216125,0
1,0.4667116403579712,0
0,0.47319138050079346,0
0,0.46979281306266785,0
0,0.47045934200286865,0
1,0.47304919362068176,0
1,0.4725549817085266,0
1,0.4624437689781189,0
0,0.4685039520263672,0
0,0.4668157398700714,0
0,0.47075703740119934,0
0,0.45592212677001953,0
1,0.4658162295818329,0
0,0.47096458077430725,0
1,0.46954914927482605,0
0,0.4632185995578766,0
1,0.46965286135673523,0
0,0.4645156264305115,0
1,0.4549647867679596,0
0,0.4683742821216583,0
1,0.4443468451499939,0
1,0.47335532307624817,0
1,0.4643779993057251,0
0,0.4689181447029114,0
0,0.45565953850746155,0
0,0.47245436906814575,0
1,0.46801894903182983,0
0,0.4656805396080017,0
0,0.4728744924068451,0
1,0.4596899449825287,0
0,0.4610379636287689,0
0,0.47386690974235535,0
1,0.47129228711128235,0
1,0.47217053174972534,0
0,0.47405651211738586,0
1,0.4705154299736023,0
0,0.4739658534526825,0
1,0.46535053849220276,0
1,0.4696465730667114,0
1,0.46697738766670227,0
1,0.4653191566467285,0
1,0.46969667077064514,0
0,0.47095197439193726,0
1,0.4726024270057678,0
0,0.4613945186138153,0
1,0.4683813154697418,0
0,0.4626852869987488,0
0,0.47118520736694336,0
1,0.468928724527359,0
0,0.47304248809814453,0
1,0.4670253098011017,0
1,0.4704005718231201,0
0,0.4652210474014282,0
1,0.46839118003845215,0
1,0.461982399225235,0
0,0.4668218791484833,0
0,0.46974802017211914,0
0,0.46835243701934814,0
0,0.4727153480052948,0
1,0.47032713890075684,0
1,0.4706678092479706,0
0,0.4711807370185852,0
0,0.4721594750881195,0
1,0.4700968861579895,0
1,0.46912747621536255,0
1,0.4713895916938782,0
0,0.45987340807914734,0
0,0.471835196018219,0
1,0.47270289063453674,0
0,0.46245503425598145,0
0,0.47232866287231445,0
1,0.46893802285194397,0
1,0.4739230275154114,0
0,0.4732988178730011,0
0,0.46512988209724426,0
1,0.473405659198761,0
1,0.4714357554912567,0
1,0.4565230906009674,0
1,0.46904146671295166,0
0,0.4651784300804138,0
0,0.47157031297683716,0
1,0.46644383668899536,0
0,0.46933141350746155,0
1,0.4714528024196625,0
1,0.47052308917045593,0
1,0.46399950981140137,0
1,0.4728977382183075,0
1,0.47035646438598633,0
0,0.4722862243652344,0
0,0.4621894955635071,0
0,0.46884894371032715,0
0,0.46592122316360474,0
0,0.4700024127960205,0
1,0.45574212074279785,0
0,0.45511239767074585,0
1,0.467354416847229,0
1,0.46283456683158875,0
0,0.470852792263031,0
1,0.47369784116744995,0
1,0.4724891483783722,0
1,0.47109073400497437,0
0,0.46071645617485046,0
1,0.4709208905696869,0
1,0.46842435002326965,0
1,0.46897944808006287,0
0,0.4729536175727844,0
1,0.4555995464324951,0
0,0.4738868176937103,0
0,0.4736468493938446,0
1,0.4681577682495117,0
1,0.4585932493209839,0
1,0.46962445974349976,0
1,0.4697381258010864,0
0,0.469580739736557,0
0,0.47286444902420044,0
1,0.4706806540489197,0
1,0.4718864858150482,0
0,0.46948733925819397,0
1,0.4639354348182678,0
1,0.466665655374527,0
1,0.4690300524234772,0
0,0.4540036916732788,0
0,0.46194493770599365,0
0,0.45245465636253357,0
0,0.4696959853172302,0
1,0.47349682450294495,0
1,0.455495148897171,0
0,0.4702959656715393,0
0,0.4632771611213684,0
1,0.4742249548435211,0
0,0.47291111946105957,0
1,0.4581650495529175,0
0,0.4728505611419678,0
1,0.4628616273403168,0
1,0.4668863117694855,0
1,0.4685707092285156,0
0,0.47263267636299133,0
0,0.4689559042453766,0
1,0.468235582113266,0
1,0.465263307094574,0
1,0.4704480469226837,0
0,0.46924328804016113,0
0,0.462492436170578,0
1,0.4683245122432709,0
1,0.4696524441242218,0
0,0.4656756818294525,0
1,0.468199759721756,0
1,0.47357529401779175,0
0,0.47287991642951965,0
0,0.46390897035598755,0
1,0.4666672646999359,0
1,0.47116613388061523,0
0,0.45813891291618347,0
1,0.45999157428741455,0
0,0.46899741888046265,0
1,0.4657226800918579,0
1,0.4676077961921692,0
0,0.46392369270324707,0
0,0.4695977568626404,0
1,0.47125527262687683,0
1,0.46990084648132324,0
0,0.45642030239105225,0
1,0.47314003109931946,0
1,0.4571229815483093,0
1,0.4694085121154785,0
1,0.4639074206352234,0
1,0.47341153025627136,0
1,0.4705859124660492,0
1,0.458254337310791,0
0,0.47276782989501953,0
0,0.4726923406124115,0
1,0.4560694098472595,0
0,0.4571385681629181,0
0,0.4699443280696869,0
1,0.47301995754241943,0
0,0.4651375114917755,0
1,0.47258996963500977,0
1,0.466781347990036,0
1,0.4635546803474426,0
0,0.46847400069236755,0
1,0.46323060989379883,0
0,0.46878260374069214,0
1,0.4705331325531006,0
0,0.4609815180301666,0
0,0.4562166631221771,0
0,0.47043874859809875,0
1,0.47335317730903625,0
0,0.4574418067932129,0
1,0.4721953570842743,0
1,0.4605950713157654,0
0,0.4715234637260437,0
0,0.4717806875705719,0
1,0.467837929725647,0
0,0.462025910615921,0
0,0.47359830141067505,0
1,0.4608364701271057,0
1,0.4728090167045593,0
0,0.46941643953323364,0
0,0.4677402377128601,0
0,0.4669545590877533,0
1,0.47212278842926025,0
0,0.47175320982933044,0
1,0.4673134982585907,0
1,0.4698498547077179,0
1,0.46033427119255066,0
0,0.4714623987674713,0
1,0.47005969285964966,0
0,0.4719793498516083,0
1,0.4733237028121948,0
1,0.4737599492073059,0
1,0.4647221863269806,0
0,0.4687059223651886,0
1,0.47246992588043213,0
1,0.4667285680770874,0
1,0.46987590193748474,0
1,0.47093483805656433,0
1,0.47189512848854065,0
1,0.4687967598438263,0
1,0.4724712371826172,0
0,0.46385130286216736,0
0,0.4702358543872833,0
0,0.4736288785934448,0
0,0.4609640836715698,0
0,0.465549498796463,0
0,0.4727286696434021,0
1,0.47364190220832825,0
0,0.47273537516593933,0
0,0.4693738520145416,0
1,0.4726085066795349,0
0,0.4702887535095215,0
1,0.46560779213905334,0
0,0.4731479287147522,0
0,0.4689485430717468,0
0,0.47156110405921936,0
0,0.4615376889705658,0
0,0.46521103382110596,0
0,0.46978533267974854,0
1,0.47029802203178406,0
0,0.4608347415924072,0
0,0.4584111273288727,0
1,0.4689468741416931,0
1,0.4730885922908783,0
1,0.47156211733818054,0
1,0.472099244594574,0
1,0.4607393741607666,0
0,0.4706134796142578,0
0,0.4730338454246521,0
0,0.46860140562057495,0
0,0.4734446704387665,0
0,0.45827367901802063,0
0,0.4728483557701111,0
0,0.46753498911857605,0
0,0.47057467699050903,0
1,0.4701799154281616,0
0,0.4723561108112335,0
1,0.4575479328632355,0
1,0.4678215980529785,0
0,0.4696601927280426,0
1,0.46870604157447815,0
0,0.45560652017593384,0
1,0.469652384519577,0
0,0.4739721715450287,0
1,0.45447733998298645,0
1,0.47264811396598816,0
0,0.4619557857513428,0
0,0.4632888436317444,0
0,0.464180052280426,0
0,0.47377076745033264,0
0,0.46687793731689453,0
0,0.46309614181518555,0
0,0.43743661046028137,0
0,0.46761831641197205,0
1,0.4733140766620636,0
0,0.4733249843120575,0
0,0.46301645040512085,0
0,0.46304261684417725,0
0,0.4556516408920288,0
1,0.4714105725288391,0
1,0.4710380733013153,0
1,0.4528762102127075,0
1,0.4613192081451416,0
0,0.47044652700424194,0
0,0.4715443551540375,0
0,0.4711117446422577,0
0,0.4638707935810089,0
0,0.45874473452568054,0
1,0.47194281220436096,0
0,0.46595674753189087,0
0,0.47269585728645325,0
1,0.4700002670288086,0
1,0.466933935880661,0
0,0.46983620524406433,0
0,0.4738602638244629,0
0,0.47051769495010376,0
1,0.45257529616355896,0
0,0.46920451521873474,0
0,0.45857876539230347,0
0,0.4709417223930359,0
1,0.46944066882133484,0
0,0.470137357711792,0
0,0.4637400209903717,0
1,0.4643285572528839,0
1,0.4641570746898651,0
0,0.4712732434272766,0
0,0.4668969213962555,0
1,0.4715096950531006,0
0,0.4638141095638275,0
1,0.47091904282569885,0
1,0.4608326554298401,0
1,0.473986953496933,0
0,0.45547208189964294,0
0,0.47397035360336304,0
1,0.47261345386505127,0
1,0.46701544523239136,0
1,0.4706091582775116,0
1,0.4731690585613251,0
0,0.47103428840637207,0
1,0.46016421914100647,0
0,0.47207391262054443,0
0,0.46777603030204773,0
0,0.46334758400917053,0
1,0.47273239493370056,0
0,0.471810519695282,0
1,0.46962472796440125,0
1,0.4609941840171814,0
0,0.4727773070335388,0
1,0.46095365285873413,0
0,0.46503302454948425,0
1,0.46761807799339294,0
0,0.4585637152194977,0
0,0.4721698760986328,0
0,0.47085607051849365,0
0,0.4607412815093994,0
0,0.47136935591697693,0
1,0.4739009439945221,0
0,0.4726693332195282,0
0,0.4696519672870636,0
1,0.4693129062652588,0
1,0.4656577706336975,0
0,0.46456053853034973,0
1,0.47006115317344666,0
1,0.4706830382347107,0
1,0.46082958579063416,0
1,0.47269877791404724,0
0,0.4729453921318054,0
0,0.4710966646671295,0
0,0.47079211473464966,0
0,0.46831247210502625,0
0,0.45528504252433777,0
1,0.4729699492454529,0
0,0.46881818771362305,0
0,0.45908236503601074,0
1,0.4654415249824524,0
0,0.47290754318237305,0
1,0.451488196849823,0
1,0.45607680082321167,0
0,0.4611358940601349,0
0,0.4706830680370331,0
0,0.4729005992412567,0
1,0.4739522635936737,0
0,0.47045770287513733,0
0,0.4738079607486725,0
0,0.45399051904678345,0
0,0.47199156880378723,0
1,0.4658772349357605,0
0,0.4696560800075531,0
0,0.47227707505226135,0
0,0.4698405861854553,0
1,0.4720214307308197,0
1,0.47107288241386414,0
1,0.4689350128173828,0
1,0.4696541428565979,0
0,0.46748849749565125,0
1,0.47007137537002563,0
0,0.4724014401435852,0
0,0.4654029905796051,0
1,0.4730202853679657,0
0,0.4729746878147125,0
0,0.4723769724369049,0
0,0.4655032157897949,0
1,0.4557131826877594,0
1,0.4565947353839874,0
0,0.4615519940853119,0
1,0.45736318826675415,0
0,0.4549093246459961,0
1,0.4727277159690857,0
1,0.45852237939834595,0
1,0.4702170491218567,0
1,0.45641380548477173,0
0,0.45618167519569397,0
0,0.4676896035671234,0
1,0.47090840339660645,0
0,0.4725516736507416,0
1,0.46965470910072327,0
0,0.4704623520374298,0
0,0.4736769199371338,0
1,0.4723103642463684,0
1,0.47286659479141235,0
1,0.4606741964817047,0
0,0.470805823802948,0
0,0.4699932634830475,0
1,0.47241708636283875,0
1,0.472764790058136,0
1,0.46993738412857056,0
1,0.4579674005508423,0
0,0.470989853143692,0
0,0.4690656065940857,0
1,0.466642290353775,0
0,0.4669603407382965,0
0,0.46475452184677124,0
1,0.4690462052822113,0
0,0.47092723846435547,0
1,0.47278961539268494,0
0,0.457308828830719,0
1,0.4700835943222046,0
0,0.45628082752227783,0
0,0.4706179201602936,0
1,0.4733746647834778,0
1,0.46404024958610535,0
1,0.45525723695755005,0
1,0.46971961855888367,0
0,0.45798805356025696,0
1,0.4727257788181305,0
1,0.4702625274658203,0
1,0.4647662043571472,0
0,0.47269031405448914,0
1,0.46367496252059937,0
1,0.4726185202598572,0
1,0.47295671701431274,0
1,0.4717912971973419,0
1,0.4699118137359619,0
1,0.45783618092536926,0
0,0.4709489047527313,0
1,0.4621509909629822,0
0,0.46782398223876953,0
1,0.47193729877471924,0
1,0.4638259708881378,0
0,0.454997718334198,0
1,0.4627566337585449,0
0,0.4564450979232788,0
0,0.4557388424873352,0
1,0.45369264483451843,0
0,0.46375206112861633,0
1,0.4695248603820801,0
0,0.4598468840122223,0
1,0.4595249593257904,0
0,0.4588596522808075,0
0,0.46818649768829346,0
1,0.46965259313583374,0
1,0.4669138491153717,0
1,0.4646681845188141,0
1,0.45328840613365173,0
1,0.4739548861980438,0
0,0.46926575899124146,0
0,0.472156286239624,0
0,0.46776142716407776,0
0,0.4737796485424042,0
0,0.4748315215110779,0
1,0.45723429322242737,0
1,0.4686630368232727,0
0,0.4685187041759491,0
0,0.4730801582336426,0
0,0.47172996401786804,0
0,0.45756325125694275,0
1,0.4691452085971832,0
0,0.46873462200164795,0
1,0.45605772733688354,0
0,0.47256195545196533,0
0,0.4709819257259369,0
0,0.47036564350128174,0
1,0.46928325295448303,0
0,0.4636935591697693,0
1,0.46614688634872437,0
0,0.4629765748977661,0
0,0.4736271798610687,0
0,0.46919211745262146,0
0,0.4657686948776245,0
1,0.4626803696155548,0
0,0.4596346318721771,0
1,0.46736863255500793,0
0,0.4700780212879181,0
0,0.4545893967151642,0
0,0.4738069474697113,0
0,0.4696711301803589,0
1,0.4715189039707184,0
0,0.47215256094932556,0
1,0.4730425477027893,0
0,0.4713330864906311,0
1,0.4687599837779999,0
1,0.46447592973709106,0
1,0.4577333927154541,0
1,0.4564457833766937,0
1,0.46268537640571594,0
0,0.47117894887924194,0
1,0.47272366285324097,0
0,0.4733521044254303,0
1,0.47030362486839294,0
0,0.47301751375198364,0
1,0.4553377032279968,0
1,0.4728563725948334,0
0,0.4719788134098053,0
0,0.47312700748443604,0
0,0.46882185339927673,0
0,0.47110316157341003,0
0,0.46964913606643677,0
0,0.46916961669921875,0
0,0.4609048366546631,0
1,0.45760834217071533,0
1,0.4727514684200287,0
0,0.47267070412635803,0
0,0.45750516653060913,0
1,0.472846120595932,0
1,0.46192002296447754,0
0,0.46979212760925293,0
1,0.4693832993507385,0
0,0.47134754061698914,0
0,0.4674099385738373,0
0,0.4719485640525818,0
0,0.46697312593460083,0
0,0.464478075504303,0
1,0.4631899893283844,0
0,0.46083080768585205,0
1,0.4701768755912781,0
0,0.4544927775859833,0
0,0.47053268551826477,0
0,0.47369030117988586,0
1,0.4738587737083435,0
0,0.4697553217411041,0
1,0.4724634289741516,0
0,0.47309017181396484,0
1,0.45897775888442993,0
1,0.4644475281238556,0
0,0.4613625407218933,0
0,0.4723116457462311,0
1,0.4695206582546234,0
0,0.4713303744792938,0
0,0.45770466327667236,0
1,0.4717099070549011,0
0,0.4718649387359619,0
1,0.47378456592559814,0
1,0.4677436947822571,0
1,0.4576122760772705,0
1,0.4728472828865051,0
1,0.47341591119766235,0
0,0.46907296776771545,0
0,0.45577797293663025,0
1,0.4739629030227661,0
0,0.4664289057254791,0
0,0.4725697934627533,0
0,0.46600207686424255,0
1,0.46534475684165955,0
0,0.4696679711341858,0
1,0.46491631865501404,0
1,0.46533384919166565,0
1,0.47301197052001953,0
0,0.46689099073410034,0
1,0.4557185471057892,0
1,0.4711434841156006,0
0,0.45689505338668823,0
1,0.46306490898132324,0
0,0.473955363035202,0
1,0.4692816138267517,0
0,0.46955424547195435,0
0,0.4610159397125244,0
1,0.4726964831352234,0
1,0.47398653626441956,0
1,0.47274646162986755,0
0,0.46438202261924744,0
1,0.4703342914581299,0
0,0.4739712178707123,0
0,0.4694136679172516,0
0,0.4545646011829376,0
1,0.4661502242088318,0
1,0.4714542031288147,0
0,0.46260473132133484,0
1,0.4688980281352997,0
1,0.47370240092277527,0
1,0.453037828207016,0
0,0.46090808510780334,0
1,0.46329233050346375,0
1,0.46690231561660767,0
1,0.4726662337779999,0
0,0.4696069657802582,0
1,0.46794015169143677,0
0,0.45851078629493713,0
0,0.4687971770763397,0
0,0.4553867280483246,0
1,0.47395628690719604,0
0,0.47108083963394165,0
1,0.46113717555999756,0
1,0.46110448241233826,0
0,0.47223028540611267,0
1,0.4726705849170685,0
0,0.46803510189056396,0
0,0.45624351501464844,0
0,0.47169336676597595,0
0,0.46883198618888855,0
1,0.46258097887039185,0
0,0.46985170245170593,0
1,0.45897746086120605,0
1,0.46758851408958435,0
1,0.4727204740047455,0
1,0.45492732524871826,0
1,0.47296208143234253,0
1,0.45614615082740784,0
1,0.47276538610458374,0
0,0.4642506539821625,0
1,0.4701453447341919,0
0,0.471871018409729,0
0,0.47397497296333313,0
0,0.4706780016422272,0
0,0.4652663469314575,0
1,0.46703624725341797,0
0,0.4729200601577759,0
1,0.47275668382644653,0
0,0.47275397181510925,0
1,0.465444415807724,0
0,0.47270575165748596,0
0,0.46939459443092346,0
1,0.4719848334789276,0
1,0.46792659163475037,0
0,0.4610280394554138,0
1,0.4699622392654419,0
1,0.4597198963165283,0
1,0.47069358825683594,0
0,0.47135865688323975,0
0,0.47164350748062134,0
0,0.47285914421081543,0
1,0.4692869782447815,0
1,0.4634133279323578,0
0,0.4646277129650116,0
0,0.4646192193031311,0
1,0.46286675333976746,0
0,0.4701283872127533,0
0,0.4664308726787567,0
0,0.4737837612628937,0
0,0.47291532158851624,0
0,0.4643183648586273,0
1,0.4624824821949005,0
1,0.4651073217391968,0
0,0.45792195200920105,0
1,0.4663107693195343,0
1,0.4631109833717346,0
1,0.4730055034160614,0
1,0.4559902846813202,0
1,0.4661029577255249,0
0,0.4604935348033905,0
0,0.4712541103363037,0
0,0.46999111771583557,0
1,0.47270432114601135,0
0,0.46695607900619507,0
0,0.4646267890930176,0
1,0.47376778721809387,0
0,0.47026100754737854,0
0,0.46965187788009644,0
1,0.4634440541267395,0
1,0.46227821707725525,0
1,0.46268242597579956,0
1,0.47366270422935486,0
0,0.4734354615211487,0
1,0.4696112871170044,0
0,0.4655665159225464,0
1,0.46969643235206604,0
1,0.4696284234523773,0
1,0.46846091747283936,0
1,0.46382391452789307,0
0,0.469848096370697,0
1,0.4725591838359833,0
0,0.4733976423740387,0
0,0.46842294931411743,0
0,0.4609176516532898,0
1,0.45138290524482727,0
1,0.4724615216255188,0
0,0.4711333215236664,0
0,0.4584032893180847,0
0,0.4608774781227112,0
1,0.45817792415618896,0
0,0.4663655161857605,0
1,0.45745447278022766,0
1,0.46381062269210815,0
1,0.4624762535095215,0
1,0.4714413285255432,0
1,0.4682685136795044,0
0,0.4656745493412018,0
0,0.472610741853714,0
1,0.4702220857143402,0
1,0.4700421988964081,0
1,0.4699956178665161,0
0,0.47051307559013367,0
1,0.46932467818260193,0
0,0.45461219549179077,0
1,0.47124770283699036,0
0,0.47388091683387756,0
1,0.4655497074127197,0
1,0.4697619080543518,0
1,0.471160888671875,0
1,0.4688873887062073,0
1,0.4727380573749542,0
0,0.4635305106639862,0
0,0.46996352076530457,0
1,0.4609208405017853,0
0,0.4629223644733429,0
0,0.46890151500701904,0
1,0.4677963852882385,0
0,0.46682384610176086,0
1,0.4691494405269623,0
1,0.4609186053276062,0
1,0.4552907347679138,0
0,0.46404919028282166,0
1,0.472678542137146,0
0,0.468514621257782,0
0,0.4699174761772156,0
0,0.460153728723526,0
1,0.47093701362609863,0
0,0.471404105424881,0
0,0.45871955156326294,0
0,0.47266191244125366,0
0,0.47182580828666687,0
0,0.45397841930389404,0
1,0.4520673155784607,0
1,0.45561349391937256,0
1,0.463853657245636,0
0,0.4732201099395752,0
1,0.4663744270801544,0
0,0.4730744957923889,0
1,0.46994471549987793,0
0,0.4648478329181671,0
0,0.47389474511146545,0
1,0.46926766633987427,0
1,0.4539967179298401,0
1,0.47140538692474365,0
1,0.4736427962779999,0
1,0.4699443280696869,0
1,0.46797969937324524,0
1,0.45995858311653137,0
0,0.46952953934669495,0
1,0.46428608894348145,0
0,0.46934249997138977,0
0,0.4698154330253601,0
1,0.47205084562301636,0
1,0.4584735929965973,0
1,0.47279995679855347,0
1,0.46385931968688965,0
0,0.4708774983882904,0
1,0.47014009952545166,0
0,0.4605829417705536,0
1,0.4690161943435669,0
1,0.47068002820014954,0
1,0.4679142236709595,0
0,0.454141229391098,0
0,0.4570781886577606,0
1,0.4698008894920349,0
1,0.4706838130950928,0
1,0.4609208405017853,0
0,0.4657227694988251,0
0,0.4682040512561798,0
0,0.4734688103199005,0
1,0.4608476161956787,0
1,0.472736656665802,0
1,0.4646507799625397,0
1,0.46417510509490967,0
0,0.4724559187889099,0
0,0.45682498812675476,0
1,0.47060152888298035,0
0,0.4715119004249573,0
1,0.47275370359420776,0
1,0.47088631987571716,0
0,0.4599245488643646,0
1,0.45765921473503113,0
1,0.458487868309021,0
1,0.46329253911972046,0
1,0.4583955705165863,0
1,0.4545523524284363,0
0,0.45816153287887573,0
1,0.46961885690689087,0
1,0.47101226449012756,0
1,0.47312912344932556,0
0,0.46967533230781555,0
0,0.4717525243759155,0
0,0.470746785402298,0
0,0.4640696346759796,0
1,0.47394683957099915,0
0,0.46799424290657043,0
0,0.46610182523727417,0
1,0.46664342284202576,0
0,0.4611470401287079,0
0,0.4554702043533325,0
0,0.4650299847126007,0
1,0.4700345993041992,0
1,0.46091514825820923,0
0,0.4683912396430969,0
0,0.472577303647995,0
0,0.4520052373409271,0
1,0.4739401936531067,0
1,0.46990063786506653,0
1,0.4730592370033264,0
1,0.45961102843284607,0
0,0.45218896865844727,0
0,0.4628322124481201,0
0,0.4617181420326233,0
0,0.4595816731452942,0
0,0.4739757180213928,0
1,0.4608611762523651,0
1,0.47276851534843445,0
0,0.4540310502052307,0
1,0.4697006344795227,0
0,0.47022008895874023,0
0,0.4612278938293457,0
0,0.4550417959690094,0
0,0.45443394780158997,0
0,0.46965572237968445,0
0,0.4720350205898285,0
0,0.470136821269989,0
0,0.4665128290653229,0
0,0.46487176418304443,0
1,0.458981990814209,0
0,0.46938735246658325,0
0,0.4696807563304901,0
1,0.4666164219379425,0
0,0.45218977332115173,0
0,0.46391281485557556,0
0,0.4628737270832062,0
1,0.46896225214004517,0
1,0.47016626596450806,0
1,0.4696747064590454,0
0,0.46979841589927673,0
0,0.4737960398197174,0
1,0.46902668476104736,0
1,0.4714663326740265,0
1,0.4670560657978058,0
1,0.4522295594215393,0
0,0.46970024704933167,0
1,0.4641362428665161,0
0,0.4713810086250305,0
1,0.469564288854599,0
1,0.47200092673301697,0
1,0.467070996761322,0
0,0.46969205141067505,0
0,0.47154489159584045,0
0,0.47373834252357483,0
0,0.46772143244743347,0
1,0.4688291549682617,0
1,0.4730820655822754,0
1,0.45775142312049866,0
1,0.46564748883247375,0
0,0.45513463020324707,0
1,0.466765820980072,0
1,0.4566885232925415,0
1,0.47317054867744446,0
1,0.4740545153617859,0
1,0.4651804268360138,0
0,0.46573328971862793,0
0,0.467355340719223,0
1,0.46852004528045654,0
0,0.4663335680961609,0
1,0.4730331301689148,0
1,0.47390469908714294,0
1,0.47356054186820984,0
0,0.4724414050579071,0
0,0.46965840458869934,0
1,0.4729916453361511,0
0,0.4703902304172516,0
0,0.45598340034484863,0
1,0.4691002368927002,0
1,0.4568646550178528,0
1,0.4689352512359619,0
0,0.46462082862854004,0
1,0.4723392426967621,0
1,0.4693060517311096,0
0,0.46898090839385986,0
1,0.46032261848449707,0
0,0.46817636489868164,0
0,0.45654061436653137,0
0,0.4706021845340729,0
1,0.46941566467285156,0
0,0.4565216898918152,0
0,0.46555301547050476,0
0,0.46504271030426025,0
1,0.4695856273174286,0
1,0.47129103541374207,0
1,0.47211626172065735,0
1,0.4675622284412384,0
0,0.4665199816226959,0
1,0.4696958363056183,0
1,0.45140913128852844,0
0,0.4691051244735718,0
0,0.47303053736686707,0
0,0.4728425145149231,0
1,0.47354739904403687,0
0,0.4727153480052948,0
0,0.46979811787605286,0
1,0.46147170662879944,0
0,0.45281919836997986,0
0,0.4557919204235077,0
0,0.47076210379600525,0
1,0.47370773553848267,0
1,0.4726755917072296,0
1,0.47236236929893494,0
0,0.4590356647968292,0
0,0.4601118862628937,0
0,0.45660504698753357,0
1,0.46974506974220276,0
0,0.4725455641746521,0
0,0.4712578356266022,0
0,0.4651543200016022,0
0,0.47096458077430725,0
0,0.47054630517959595,0
0,0.4723132252693176,0
1,0.4699748158454895,0
0,0.45532938838005066,0
1,0.46703821420669556,0
0,0.4639185070991516,0
1,0.458283394575119,0
1,0.4557760953903198,0
0,0.47225525975227356,0
1,0.4725833535194397,0
1,0.46218225359916687,0
0,0.4677005708217621,0
1,0.4660879969596863,0
1,0.466240793466568,0
1,0.46428152918815613,0
0,0.4611350893974304,0
0,0.46717023849487305,0
0,0.46465134620666504,0
0,0.45726272463798523,0
0,0.46115344762802124,0
0,0.47304967045783997,0
0,0.47395971417427063,0
0,0.4696233570575714,0
0,0.4670296907424927,0
0,0.4700000584125519,0
0,0.46644851565361023,0
1,0.47026264667510986,0
0,0.47074002027511597,0
1,0.47053176164627075,0
1,0.4740024507045746,0
0,0.4726707637310028,0
0,0.47277581691741943,0
0,0.47264257073402405,0
0,0.47057050466537476,0
0,0.47264817357063293,0
1,0.4649626612663269,0
0,0.46421363949775696,0
0,0.4689280390739441,0
1,0.4650574028491974,0
0,0.46958914399147034,0
1,0.4649592936038971,0
1,0.4728871285915375,0
1,0.4706842303276062,0
0,0.47036078572273254,0
0,0.4739646911621094,0
0,0.4729388952255249,0
0,0.4646233320236206,0
1,0.47288280725479126,0
1,0.4724469780921936,0
1,0.46578431129455566,0
0,0.4713994562625885,0
1,0.4696594476699829,0
0,0.4594095051288605,0
1,0.4723968505859375,0
0,0.4713384211063385,0
0,0.4704391360282898,0
0,0.4739675223827362,0
0,0.467181533575058,0
1,0.47057586908340454,0
0,0.4718684256076813,0
1,0.4553382992744446,0
0,0.4665980935096741,0
0,0.47024762630462646,0
0,0.47266557812690735,0
0,0.47392013669013977,0
0,0.4562022089958191,0
1,0.471788227558136,0
1,0.47380128502845764,0
1,0.4619808793067932,0
0,0.4723697304725647,0
1,0.45328018069267273,0
1,0.47315847873687744,0
1,0.4670851230621338,0
1,0.46036747097969055,0
0,0.46438848972320557,0
0,0.4666862189769745,0
0,0.4714992940425873,0
0,0.47237056493759155,0
0,0.47161343693733215,0
0,0.4626283049583435,0
0,0.4726475775241852,0
1,0.46684297919273376,0
1,0.4696670174598694,0
0,0.4570227265357971,0
0,0.4702065885066986,0
0,0.457591712474823,0
1,0.46567562222480774,0
1,0.444509357213974,0
0,0.4731050729751587,0
1,0.4584193825721741,0
1,0.46814846992492676,0
1,0.4663112759590149,0
0,0.471171110868454,0
0,0.4736877381801605,0
1,0.46799296140670776,0
0,0.4689997434616089,0
0,0.4727024435997009,0
1,0.46704530715942383,0
1,0.4601072371006012,0
1,0.4732494056224823,0
0,0.4701779782772064,0
1,0.47084084153175354,0
0,0.4726746380329132,0
1,0.47348806262016296,0
1,0.473616361618042,0
0,0.47268471121788025,0
1,0.47278743982315063,0
0,0.4684286415576935,0
1,0.46542128920555115,0
1,0.45890358090400696,0
1,0.45824432373046875,0
0,0.45557302236557007,0
1,0.4613111913204193,0
1,0.4550938308238983,0
1,0.4723028242588043,0
0,0.45825284719467163,0
1,0.47082194685935974,0
0,0.46216922998428345,0
0,0.4726127088069916,0
0,0.46976321935653687,0
1,0.4670334458351135,0
1,0.4740919768810272,0
0,0.46468865871429443,0
1,0.4697963297367096,0
0,0.4737747311592102,0
0,0.47109976410865784,0
1,0.472084641456604,0
0,0.4715748727321625,0
0,0.47266894578933716,0
0,0.4696560204029083,0
0,0.467754602432251,0
1,0.4561904966831207,0
1,0.4731347858905792,0
1,0.4626970589160919,0
0,0.4705082178115845,0
0,0.47205233573913574,0
1,0.46119076013565063,0
1,0.4597165584564209,0
0,0.46190449595451355,0
0,0.4579581320285797,0
0,0.4717752933502197,0
0,0.465991735458374,0
0,0.45640286803245544,0
0,0.4703057110309601,0
1,0.45550820231437683,0
0,0.46985453367233276,0
1,0.46501219272613525,0
1,0.47398823499679565,0
0,0.47262606024742126,0
0,0.4713260233402252,0
1,0.46434304118156433,0
1,0.4670913815498352,0
1,0.4651700556278229,0
0,0.47140538692474365,0
0,0.45587238669395447,0
1,0.4609229564666748,0
1,0.46839046478271484,0
0,0.46322008967399597,0
0,0.47265833616256714,0
1,0.46613171696662903,0
1,0.45556166768074036,0
0,0.47277235984802246,0
1,0.45924219489097595,0
0,0.4731588661670685,0
1,0.4705905616283417,0
1,0.4667503833770752,0
1,0.4601958394050598,0
0,0.45151185989379883,0
1,0.47390222549438477,0
0,0.4713318645954132,0
1,0.4739391803741455,0
1,0.4730837345123291,0
1,0.4725983738899231,0
0,0.47393929958343506,0
1,0.46303823590278625,0
0,0.4624195992946625,0
0,0.4612428843975067,0
1,0.4696901738643646,0
1,0.472274512052536,0
1,0.4619911015033722,0
1,0.4536658823490143,0
0,0.4553523659706116,0
0,0.4717264771461487,0
1,0.47090184688568115,0
1,0.47012996673583984,0
0,0.47039031982421875,0
1,0.45891499519348145,0
1,0.46233829855918884,0
0,0.4671902358531952,0
0,0.46468421816825867,0
1,0.4582233130931854,0
1,0.4573025405406952,0
0,0.46798402070999146,0
1,0.467600554227829,0
1,0.4606080651283264,0
1,0.4701543152332306,0
1,0.4714660048484802,0
0,0.4672985076904297,0
0,0.47242075204849243,0
0,0.46292293071746826,0
0,0.4703496992588043,0
0,0.4619233310222626,0
1,0.4553792178630829,0
0,0.4728945195674896,0
1,0.4534268081188202,0
1,0.4646754264831543,0
1,0.46966227889060974,0
0,0.461456835269928,0
1,0.4648629426956177,0
1,0.46958592534065247,0
1,0.4696875214576721,0
0,0.47149187326431274,0
0,0.47180575132369995,0
0,0.4697137176990509,0
1,0.4726497232913971,0
0,0.46747031807899475,0
0,0.4722663164138794,0
1,0.46427232027053833,0
1,0.46224164962768555,0
0,0.4736430048942566,0
1,0.4725300073623657,0
1,0.472425639629364,0
1,0.4685277044773102,0
1,0.473848819732666,0
1,0.461209774017334,0
0,0.47011300921440125,0
1,0.46963199973106384,0
1,0.4604838788509369,0
0,0.47365882992744446,0
1,0.47009846568107605,0
1,0.46112820506095886,0
1,0.4696374535560608,0
0,0.4688679277896881,0
0,0.45373475551605225,0
1,0.47353219985961914,0
1,0.47115448117256165,0
0,0.47244495153427124,0
0,0.47022995352745056,0
1,0.4726656973361969,0
0,0.4567822217941284,0
0,0.4732244908809662,0
0,0.4673571288585663,0
0,0.4673576354980469,0
1,0.47385522723197937,0
1,0.4561135470867157,0
1,0.4681724011898041,0
1,0.47354835271835327,0
1,0.471236914396286,0
0,0.4567607343196869,0
1,0.4614957869052887,0
1,0.4727233946323395,0
1,0.46137216687202454,0
0,0.4719361662864685,0
0,0.4647817611694336,0
0,0.4711056053638458,0
1,0.4701431393623352,0
1,0.46478524804115295,0
0,0.4667109251022339,0
1,0.4730605185031891,0
1,0.4642527997493744,0
1,0.47361844778060913,0
1,0.4714955687522888,0
1,0.4739468991756439,0
0,0.47305747866630554,0
0,0.4651893973350525,0
0,0.47247183322906494,0
1,0.4698029160499573,0
0,0.46747344732284546,0
1,0.47256600856781006,0
0,0.4640972912311554,0
1,0.46425196528434753,0
1,0.4696763753890991,0
0,0.4652193486690521,0
1,0.4721554219722748,0
0,0.4707927703857422,0
1,0.4655710458755493,0
1,0.47259336709976196,0
0,0.47152256965637207,0
1,0.465707927942276,0
0,0.46902018785476685,0
1,0.4726605713367462,0
0,0.4685583710670471,0
0,0.4675872027873993,0
1,0.4605911374092102,0
1,0.4736049771308899,0
1,0.46878522634506226,0
1,0.4597315192222595,0
1,0.4696653485298157,0
0,0.4641827642917633,0
0,0.46711239218711853,0
0,0.47284558415412903,0
0,0.474010705947876,0
1,0.47229090332984924,0
0,0.4696747958660126,0
0,0.46679121255874634,0
1,0.47086042165756226,0
0,0.46426400542259216,0
0,0.4650125205516815,0
0,0.46084022521972656,0
1,0.4699611961841583,0
0,0.4697776436805725,0
1,0.4738138020038605,0
0,0.4675680100917816,0
1,0.46203938126564026,0
1,0.461735337972641,0
0,0.4646826982498169,0
1,0.4708751142024994,0
0,0.4736338257789612,0
0,0.46994876861572266,0
0,0.46330198645591736,0
1,0.4543256163597107,0
1,0.4574168622493744,0
1,0.46387675404548645,0
0,0.460880309343338,0
1,0.45576339960098267,0
1,0.4712565541267395,0
1,0.47056129574775696,0
0,0.46043479442596436,0
0,0.4533957242965698,0
1,0.45434173941612244,0
0,0.4723665416240692,0
1,0.4624370336532593,0
0,0.47181466221809387,0
1,0.47234004735946655,0
0,0.4728775918483734,0
0,0.47248029708862305,0
1,0.4677738845348358,0
0,0.47272995114326477,0
1,0.46954503655433655,0
0,0.46542468667030334,0
0,0.4646989107131958,0
1,0.4731469750404358,0
0,0.4705048203468323,0
1,0.469898521900177,0
0,0.47082722187042236,0
0,0.4688306152820587,0
1,0.46931028366088867,0
1,0.4739125072956085,0
1,0.45734962821006775,0
1,0.46940264105796814,0
1,0.46185502409935,0
0,0.47214311361312866,0
0,0.4697389602661133,0
0,0.46540817618370056,0
0,0.46566247940063477,0
0,0.4606143832206726,0
1,0.47377514839172363,0
0,0.4542645514011383,0
1,0.4701983630657196,0
0,0.4726778566837311,0
0,0.4523060917854309,0
1,0.4626389443874359,0
1,0.46924906969070435,0
0,0.471777081489563,0
1,0.4728383421897888,0
1,0.4724089503288269,0
1,0.45994967222213745,0
1,0.46779903769493103,0
0,0.4727768301963806,0
1,0.45771101117134094,0
0,0.47260817885398865,0
0,0.47309574484825134,0
0,0.4702281057834625,0
0,0.45891088247299194,0
0,0.4659130573272705,0
0,0.4668128788471222,0
1,0.46151888370513916,0
0,0.4732189178466797,0
1,0.46927905082702637,0
0,0.4727577567100525,0
1,0.4726719856262207,0
1,0.46360233426094055,0
0,0.46425938606262207,0
0,0.46597495675086975,0
1,0.4592398703098297,0
1,0.4701392948627472,0
1,0.4732762277126312,0
1,0.4736999273300171,0
0,0.47071757912635803,0
1,0.47254204750061035,0
1,0.4551308751106262,0
0,0.4648550748825073,0
1,0.47223761677742004,0
1,0.4700299799442291,0
1,0.4703201651573181,0
1,0.4641319811344147,0
1,0.47255173325538635,0
0,0.47312092781066895,0
0,0.46212124824523926,0
0,0.47111204266548157,0
0,0.47397518157958984,0
0,0.47307610511779785,0
0,0.4569597840309143,0
1,0.46559301018714905,0
1,0.47090762853622437,0
0,0.4722115695476532,0
1,0.45769816637039185,0
1,0.4730212390422821,0
0,0.46628183126449585,0
1,0.4732183814048767,0
1,0.43915292620658875,0
1,0.4727835953235626,0
0,0.4570105969905853,0
1,0.47031426429748535,0
1,0.4739726185798645,0
0,0.4718642234802246,0
0,0.4726671874523163,0
0,0.47362077236175537,0
1,0.4642174541950226,0
1,0.45855534076690674,0
0,0.4610886573791504,0
1,0.4713125228881836,0
1,0.46748536825180054,0
0,0.46163713932037354,0
0,0.4662865102291107,0
0,0.4723321795463562,0
1,0.4723151624202728,0
1,0.4667831063270569,0
1,0.4713152348995209,0
1,0.46141308546066284,0
1,0.46888285875320435,0
0,0.4702908992767334,0
0,0.4742058217525482,0
1,0.47209325432777405,0
1,0.47125253081321716,0
1,0.46974727511405945,0
0,0.4714898467063904,0
1,0.47407686710357666,0
0,0.46391913294792175,0
0,0.45656344294548035,0
1,0.4556835889816284,0
0,0.4729151129722595,0
0,0.46238523721694946,0
1,0.4655858278274536,0
1,0.4673621654510498,0
1,0.4735909104347229,0
1,0.45422428846359253,0
0,0.45519834756851196,0
0,0.4608684778213501,0
0,0.46773502230644226,0
1,0.47032564878463745,0
0,0.47314947843551636,0
1,0.4701119363307953,0
0,0.46912458539009094,0
1,0.46406716108322144,0
0,0.45987850427627563,0
1,0.46950697898864746,0
1,0.47033318877220154,0
0,0.4696289002895355,0
0,0.4683646857738495,0
0,0.4618520736694336,0
1,0.46744754910469055,0
0,0.4728795886039734,0
0,0.4710572361946106,0
1,0.46462899446487427,0
1,0.4739747643470764,0
0,0.4642898142337799,0
0,0.46744558215141296,0
0,0.46597155928611755,0
1,0.4554855525493622,0
0,0.46923983097076416,0
1,0.467479944229126,0
1,0.46678534150123596,0
1,0.4687524437904358,0
0,0.46932682394981384,0
1,0.46121013164520264,0
1,0.4727513790130615,0
1,0.4620557725429535,0
1,0.4649462103843689,0
0,0.4719180762767792,0
1,0.4724225103855133,0
1,0.46410998702049255,0
0,0.47171300649642944,0
0,0.4732854664325714,0
1,0.4694993495941162,0
1,0.46937835216522217,0
0,0.472768634557724,0
1,0.46045106649398804,0
1,0.46804460883140564,0
1,0.4708578884601593,0
0,0.45704352855682373,0
0,0.4634283781051636,0
0,0.4726722538471222,0
0,0.46225979924201965,0
0,0.47029465436935425,0
0,0.4712424874305725,0
1,0.4668954610824585,0
0,0.4644016623497009,0
0,0.4691455662250519,0
0,0.4717409014701843,0
1,0.47115322947502136,0
1,0.4684383273124695,0
0,0.45830923318862915,0
1,0.4697935879230499,0
0,0.469664603471756,0
1,0.47086283564567566,0
1,0.46892374753952026,0
1,0.4732884466648102,0
0,0.4541262984275818,0
1,0.47174620628356934,0
0,0.46965491771698,0
0,0.4579593539237976,0
0,0.473673939704895,0
0,0.4631412923336029,0
1,0.47292524576187134,0
0,0.47204554080963135,0
1,0.4696650803089142,0
1,0.47190362215042114,0
0,0.4685187041759491,0
1,0.4694983661174774,0
1,0.47282731533050537,0
1,0.47026902437210083,0
1,0.455681711435318,0
1,0.47121474146842957,0
0,0.4671241044998169,0
1,0.46371570229530334,0
1,0.46470916271209717,0
0,0.4684912860393524,0
0,0.46339693665504456,0
0,0.4727548360824585,0
0,0.4716927409172058,0
0,0.46601608395576477,0
0,0.47276192903518677,0
1,0.47277405858039856,0
1,0.4730662703514099,0
1,0.46338966488838196,0
0,0.4694797098636627,0
1,0.4658634662628174,0
0,0.47104862332344055,0
1,0.47096800804138184,0
1,0.4739631712436676,0
1,0.46647143363952637,0
0,0.46122249960899353,0
1,0.46546223759651184,0
1,0.4665820598602295,0
1,0.45808058977127075,0
1,0.4660418927669525,0
1,0.4643076956272125,0
0,0.4658905565738678,0
1,0.47267964482307434,0
1,0.46950843930244446,0
1,0.46084147691726685,0
1,0.4686340093612671,0
1,0.47328343987464905,0
0,0.4726390540599823,0
1,0.4581676423549652,0
1,0.47141021490097046,0
0,0.46577760577201843,0
0,0.4649137556552887,0
0,0.4715896248817444,0
0,0.46076416969299316,0
0,0.4585060775279999,0
1,0.4684396982192993,0
0,0.4729415476322174,0
0,0.4695852994918823,0
1,0.4664081931114197,0
0,0.46492987871170044,0
0,0.46899664402008057,0
0,0.4704481363296509,0
0,0.46343380212783813,0
1,0.47262030839920044,0
1,0.46510350704193115,0
1,0.45507219433784485,0
1,0.4707891643047333,0
0,0.47198790311813354,0
0,0.4708844721317291,0
1,0.4582770764827728,0
0,0.4697452485561371,0
1,0.46479570865631104,0
1,0.46468567848205566,0
1,0.47312870621681213,0
1,0.4693726897239685,0
1,0.47330018877983093,0
0,0.4650813043117523,0
0,0.47265878319740295,0
0,0.4565376043319702,0
0,0.4730142056941986,0
0,0.47115829586982727,0
1,0.473764032125473,0
0,0.4662843346595764,0
1,0.4634254574775696,0
1,0.47315332293510437,0
1,0.47323253750801086,0
0,0.47319287061691284,0
0,0.45695728063583374,0
0,0.4645744860172272,0
1,0.45849621295928955,0
0,0.4739837050437927,0
1,0.45545879006385803,0
1,0.4623545706272125,0
1,0.4569074511528015,0
1,0.4691648781299591,0
0,0.46560221910476685,0
1,0.4720407724380493,0
0,0.47204825282096863,0
1,0.450103223323822,0
1,0.47191596031188965,0
1,0.4679744243621826,0
1,0.46204131841659546,0
0,0.47297847270965576,0
1,0.4712112247943878,0
1,0.46780359745025635,0
1,0.4674823582172394,0
0,0.4705061912536621,0
1,0.4661428928375244,0
0,0.4699217975139618,0
1,0.4637015163898468,0
1,0.459405779838562,0
0,0.4688521921634674,0
0,0.46085473895072937,0
0,0.47244101762771606,0
1,0.47332412004470825,0
1,0.46658700704574585,0
0,0.473050057888031,0
0,0.464383989572525,0
0,0.4734044671058655,0
0,0.4559639096260071,0
1,0.4690084457397461,0
1,0.46358147263526917,0
1,0.472729355096817,0
0,0.47195035219192505,0
0,0.45728519558906555,0
0,0.4658563435077667,0
0,0.4696536660194397,0
0,0.47188955545425415,0
0,0.4630654752254486,0
0,0.46546363830566406,0
1,0.4700520932674408,0
1,0.4586550295352936,0
1,0.4736948311328888,0
1,0.46966806054115295,0
1,0.4564383327960968,0
1,0.47178298234939575,0
0,0.4598217010498047,0
1,0.46996214985847473,0
0,0.455902099609375,0
1,0.4696161150932312,0
1,0.45485106110572815,0
0,0.47452041506767273,0
0,0.469688355922699,0
1,0.4720906615257263,0
0,0.46559032797813416,0
1,0.46498894691467285,0
0,0.468203067779541,0
1,0.47017908096313477,0
1,0.47028541564941406,0
0,0.46794962882995605,0
1,0.47367289662361145,0
0,0.47328370809555054,0
1,0.472633421421051,0
1,0.4673563838005066,0
1,0.4554322361946106,0
1,0.46968984603881836,0
1,0.46740180253982544,0
1,0.4664251506328583,0
1,0.47302424907684326,0
0,0.4604845345020294,0
0,0.47153666615486145,0
0,0.47379201650619507,0
0,0.4734536409378052,0
0,0.4655744731426239,0
1,0.47326552867889404,0
1,0.47057080268859863,0
0,0.4735110402107239,0
0,0.47347673773765564,0
0,0.4688226580619812,0
0,0.4723794162273407,0
1,0.4579586386680603,0
0,0.4695932865142822,0
1,0.46751877665519714,0
1,0.47170770168304443,0
0,0.47297435998916626,0
1,0.4642832279205322,0
1,0.4727983772754669,0
0,0.46350526809692383,0
1,0.4725607931613922,0
1,0.4656658470630646,0
0,0.466899037361145,0
0,0.4652559757232666,0
1,0.4700126051902771,0
0,0.4723931849002838,0
1,0.4699877202510834,0
0,0.47036173939704895,0
1,0.4690426290035248,0
0,0.4681696593761444,0
1,0.4611387252807617,0
1,0.47447505593299866,0
0,0.4627196788787842,0
1,0.46432968974113464,0
0,0.46192702651023865,0
1,0.47303757071495056,0
1,0.4558810591697693,0
0,0.4729713201522827,0
0,0.4727185368537903,0
0,0.4734964966773987,0
1,0.46555954217910767,0
1,0.4728075861930847,0
1,0.4737723171710968,0
0,0.47150182723999023,0
1,0.46979790925979614,0
1,0.47029781341552734,0
0,0.47009944915771484,0
1,0.4699822962284088,0
0,0.46456435322761536,0
0,0.4716321527957916,0
0,0.4558076858520508,0
1,0.4573008418083191,0
1,0.47267815470695496,0
0,0.4663202166557312,0
1,0.4644733667373657,0
1,0.470464825630188,0
1,0.4696519672870636,0
1,0.4727480113506317,0
0,0.47241953015327454,0
1,0.4686751365661621,0
0,0.4635605216026306,0
0,0.46425774693489075,0
0,0.46461597084999084,0
0,0.4696577489376068,0
0,0.4716345965862274,0
1,0.4603314995765686,0
1,0.4696524441242218,0
1,0.4714549779891968,0
1,0.4733685851097107,0
0,0.46432870626449585,0
0,0.47325438261032104,0
1,0.45628926157951355,0
1,0.473211407661438,0
0,0.47064653038978577,0
1,0.46712133288383484,0
0,0.4696423411369324,0
0,0.46868738532066345,0
0,0.456215500831604,0
1,0.47270575165748596,0
0,0.45181193947792053,0
1,0.47078225016593933,0
0,0.4611612558364868,0
0,0.45347434282302856,0
0,0.4733063876628876,0
0,0.4700225591659546,0
0,0.4559767544269562,0
1,0.46108025312423706,0
0,0.4478554129600525,0
1,0.4680131673812866,0
0,0.4619007408618927,0
1,0.467818021774292,0
0,0.46230411529541016,0
0,0.46388670802116394,0
0,0.465658962726593,0
1,0.45587149262428284,0
1,0.4703599512577057,0
0,0.47079023718833923,0
1,0.46891751885414124,0
0,0.47252342104911804,0
1,0.45522546768188477,0
1,0.4608806073665619,0
0,0.46264728903770447,0
0,0.47256898880004883,0
0,0.4568469822406769,0
0,0.4661616086959839,0
0,0.4667242765426636,0
0,0.4726663827896118,0
1,0.46822455525398254,0
0,0.4726521670818329,0
0,0.47101718187332153,0
0,0.47286269068717957,0
1,0.46855825185775757,0
0,0.4730933904647827,0
1,0.4685053527355194,0
0,0.4628848731517792,0
1,0.47159677743911743,0
1,0.46409720182418823,0
0,0.4654799997806549,0
1,0.4718363583087921,0
1,0.47152790427207947,0
1,0.4684487283229828,0
1,0.46613648533821106,0
0,0.46965304017066956,0
1,0.4722237288951874,0
0,0.47110751271247864,0
0,0.464804470539093,0
1,0.4737674593925476,0
1,0.46968936920166016,0
1,0.4644814729690552,0
0,0.4631165564060211,0
0,0.47052329778671265,0
0,0.4636034667491913,0
1,0.4648854732513428,0
0,0.46900612115859985,0
1,0.46822887659072876,0
0,0.47115111351013184,0
1,0.46745777130126953,0
0,0.4667516350746155,0
0,0.4715500771999359,0
1,0.47049304842948914,0
0,0.47390592098236084,0
0,0.4722365140914917,0
1,0.4703192710876465,0
1,0.4706631302833557,0
1,0.4717103838920593,0
1,0.4528407156467438,0
0,0.4670797884464264,0
1,0.46550247073173523,0
0,0.46967896819114685,0
0,0.47122710943222046,0
0,0.4694760739803314,0
0,0.4701779782772064,0
1,0.4710202217102051,0
1,0.4717855155467987,0
1,0.45773428678512573,0
0,0.4694819748401642,0
0,0.46459537744522095,0
0,0.4612561762332916,0
1,0.47263938188552856,0
0,0.464680939912796,0
1,0.4726980924606323,0
0,0.47240951657295227,0
1,0.47434836626052856,0
0,0.47192296385765076,0
0,0.4600132405757904,0
0,0.469608336687088,0
0,0.4613588750362396,0
0,0.47278162837028503,0
1,0.4738556742668152,0
0,0.4730297327041626,0
0,0.4651375114917755,0
0,0.4705617427825928,0
0,0.4701937437057495,0
0,0.4554312229156494,0
1,0.473158061504364,0
0,0.46634146571159363,0
0,0.4634917974472046,0
1,0.470723956823349,0
1,0.4722736179828644,0
1,0.4688677191734314,0
0,0.4679461121559143,0
1,0.4703861474990845,0
1,0.46438437700271606,0
1,0.4674181640148163,0
1,0.46989837288856506,0
0,0.4726596176624298,0
0,0.4705284833908081,0
0,0.4703868329524994,0
0,0.46985432505607605,0
0,0.461983323097229,0
0,0.46839648485183716,0
1,0.46145567297935486,0
1,0.47358983755111694,0
1,0.4638534486293793,0
0,0.4696492552757263,0
1,0.47048962116241455,0
1,0.4724079668521881,0
0,0.46940726041793823,0
1,0.4668510854244232,0
1,0.4608168303966522,0
1,0.46133798360824585,0
0,0.47014304995536804,0
1,0.47274842858314514,0
1,0.47253668308258057,0
1,0.46853312849998474,0
1,0.4587090015411377,0
1,0.46560150384902954,0
0,0.473852276802063,0
0,0.47275564074516296,0
0,0.4691956341266632,0
1,0.47249892354011536,0
1,0.46893084049224854,0
0,0.4706270396709442,0
1,0.4557880759239197,0
1,0.4538583755493164,0
0,0.4707435071468353,0
1,0.46886199712753296,0
1,0.45634564757347107,0
0,0.45548129081726074,0
0,0.471198171377182,0
0,0.463253378868103,0
0,0.46985116600990295,0
0,0.47105246782302856,0
0,0.46424078941345215,0
1,0.4730689525604248,0
0,0.4690202474594116,0
0,0.4649098217487335,0
0,0.46287772059440613,0
1,0.46630409359931946,0
1,0.46539974212646484,0
0,0.4713813364505768,0
1,0.4726749658584595,0
0,0.4708249866962433,0
1,0.46920260787010193,0
1,0.4707717299461365,0
0,0.4738895893096924,0
1,0.4566137492656708,0
0,0.47267666459083557,0
0,0.4633776843547821,0
0,0.46083393692970276,0
0,0.46742525696754456,0
1,0.46130138635635376,0
0,0.46220049262046814,0
0,0.4611569344997406,0
1,0.4696519672870636,0
0,0.4629610478878021,0
0,0.4524974226951599,0
1,0.4562004804611206,0
0,0.46535104513168335,0
1,0.4557783603668213,0
0,0.4739326536655426,0
0,0.47267240285873413,0
0,0.46967607736587524,0
1,0.47207486629486084,0
1,0.4726575016975403,0
1,0.47065994143486023,0
1,0.4622338116168976,0
0,0.4738765358924866,0
0,0.45676788687705994,0
1,0.46957311034202576,0
1,0.4672729969024658,0
1,0.4693598747253418,0
1,0.4685399532318115,0
0,0.4630320966243744,0
1,0.4539637863636017,0
1,0.46827128529548645,0
1,0.46817103028297424,0
1,0.469768226146698,0
1,0.46286728978157043,0
0,0.4710420072078705,0
1,0.47292637825012207,0
0,0.4700241684913635,0
0,0.46644413471221924,0
0,0.4645426869392395,0
0,0.4615172743797302,0
0,0.4572112262248993,0
0,0.46995919942855835,0
1,0.4645596742630005,0
0,0.4698270559310913,0
1,0.46347343921661377,0
0,0.46149346232414246,0
1,0.47140178084373474,0
1,0.4727049171924591,0
1,0.47075581550598145,0
1,0.4688897430896759,0
1,0.47265931963920593,0
1,0.46908485889434814,0
0,0.4722623825073242,0
0,0.46707233786582947,0
0,0.47267666459083557,0
0,0.4724278748035431,0
1,0.4667625427246094,0
1,0.47267666459083557,0
0,0.457325279712677,0
0,0.4688326120376587,0
1,0.470585435628891,0
1,0.4594678282737732,0
0,0.45774129033088684,0
1,0.4551233947277069,0
1,0.47277337312698364,0
1,0.46237608790397644,0
1,0.46675175428390503,0
1,0.4643680453300476,0
0,0.4704134166240692,0
1,0.4557984173297882,0
0,0.46831467747688293,0
0,0.4696540832519531,0
0,0.46989020705223083,0
0,0.47074809670448303,0
0,0.4715908467769623,0
1,0.471536248922348,0
1,0.4655004143714905,0
1,0.4690360128879547,0
0,0.47009339928627014,0
0,0.47274836897850037,0
1,0.4722028374671936,0
1,0.46168673038482666,0
1,0.4739769995212555,0
1,0.4686569571495056,0
0,0.4667016267776489,0
1,0.46133583784103394,0
0,0.4536556303501129,0
0,0.4666823744773865,0
0,0.47259125113487244,0
1,0.4562762975692749,0
0,0.4621905982494354,0
0,0.47218891978263855,0
0,0.4644295871257782,0
1,0.4726213216781616,0
0,0.4592527449131012,0
1,0.4734775722026825,0
1,0.4732612669467926,0
1,0.4697304964065552,0
0,0.4702403247356415,0
0,0.4666507840156555,0
1,0.46913382411003113,0
0,0.45810815691947937,0
0,0.4636201858520508,0
1,0.47335854172706604,0
0,0.47217297554016113,0
0,0.47069138288497925,0
0,0.4539925754070282,0
1,0.46438515186309814,0
0,0.47397148609161377,0
1,0.473242849111557,0
0,0.4690345525741577,0
1,0.46461308002471924,0
0,0.47333791851997375,0
1,0.4700935184955597,0
0,0.4556344747543335,0
1,0.4686610996723175,0
1,0.46470123529434204,0
0,0.46053579449653625,0
1,0.4736608862876892,0
1,0.46863722801208496,0
1,0.47154662013053894,0
0,0.47212710976600647,0
1,0.46707817912101746,0
0,0.4730300009250641,0
1,0.4671691060066223,0
1,0.4702649712562561,0
0,0.47041407227516174,0
0,0.4672239124774933,0
1,0.47200676798820496,0
0,0.4729899764060974,0
0,0.4726729393005371,0
1,0.47090408205986023,0
0,0.4619787335395813,0
1,0.472530335187912,0
1,0.47216594219207764,0
1,0.4665665030479431,0
0,0.47285178303718567,0
0,0.4715273976325989,0
1,0.4725375771522522,0
0,0.4738822281360626,0
1,0.4672122895717621,0
0,0.4702751338481903,0
0,0.4633086025714874,0
0,0.4544869363307953,0
0,0.46316656470298767,0
0,0.45525655150413513,0
0,0.4544045925140381,0
0,0.4697559177875519,0
0,0.46305856108665466,0
0,0.4711623787879944,0
0,0.46432918310165405,0
1,0.4673224985599518,0
0,0.46339550614356995,0
1,0.466615229845047,0
0,0.46461930871009827,0
1,0.45963096618652344,0
0,0.47048380970954895,0
1,0.4625493288040161,0
0,0.46371275186538696,0
0,0.46692585945129395,0
1,0.47199496626853943,0
1,0.47216668725013733,0
0,0.46675100922584534,0
0,0.4594808518886566,0
0,0.47360724210739136,0
0,0.473971426486969,0
0,0.45471876859664917,0
0,0.461736798286438,0
0,0.4537646770477295,0
1,0.47363904118537903,0
0,0.4684336185455322,0
0,0.4544605016708374,0
1,0.4621483385562897,0
0,0.4560987949371338,0
1,0.4709390699863434,0
0,0.4583441913127899,0
0,0.47166624665260315,0
1,0.46454620361328125,0
1,0.4730687439441681,0
1,0.4586775600910187,0
1,0.4513860046863556,0
1,0.4696519672870636,0
1,0.47385677695274353,0
1,0.46612074971199036,0
1,0.4726022779941559,0
0,0.47333672642707825,0
0,0.4716034233570099,0
0,0.4739275276660919,0
0,0.46926355361938477,0
1,0.47129589319229126,0
1,0.4632396101951599,0
1,0.473910391330719,0
0,0.4549441635608673,0
0,0.4716593027114868,0
0,0.47292962670326233,0
1,0.472378671169281,0
0,0.4718695878982544,0
1,0.47291573882102966,0
1,0.4663921594619751,0
0,0.47116994857788086,0
1,0.4599774181842804,0
1,0.45582595467567444,0
1,0.47179847955703735,0
0,0.4693855047225952,0
1,0.4701257646083832,0
0,0.46413910388946533,0
1,0.46992501616477966,0
1,0.46881645917892456,0
1,0.4728838801383972,0
0,0.4700729548931122,0
1,0.46488118171691895,0
0,0.4699958562850952,0
0,0.46988633275032043,0
0,0.4696648120880127,0
0,0.46779581904411316,0
0,0.4703633189201355,0
1,0.4717283844947815,0
0,0.47232505679130554,0
0,0.4698159098625183,0
1,0.4683457911014557,0
1,0.47372400760650635,0
1,0.46654564142227173,0
1,0.46433523297309875,0
0,0.4660833775997162,0
1,0.4691307842731476,0
0,0.47334590554237366,0
0,0.46919217705726624,0
1,0.4729446470737457,0
0,0.4681621491909027,0
1,0.464555561542511,0
0,0.473041296005249,0
0,0.4705004394054413,0
0,0.4645766019821167,0
1,0.47260230779647827,0
1,0.4724302589893341,0
0,0.4676695764064789,0
1,0.47239047288894653,0
1,0.45729148387908936,0
1,0.4580068588256836,0
0,0.46970200538635254,0
1,0.46432361006736755,0
0,0.464446097612381,0
1,0.47413870692253113,0
1,0.47051993012428284,0
0,0.46863916516304016,0
0,0.47287052869796753,0
0,0.473089337348938,0
0,0.4601496756076813,0
0,0.4608629047870636,0
0,0.469658225774765,0
1,0.4605649411678314,0
1,0.47274985909461975,0
1,0.47397297620773315,0
0,0.4714210629463196,0
0,0.4733690023422241,0
0,0.4741840660572052,0
1,0.4641147255897522,0
0,0.4656844139099121,0
1,0.4694819748401642,0
1,0.4687829315662384,0
0,0.46926063299179077,0
0,0.47218477725982666,0
0,0.46964144706726074,0
0,0.46927762031555176,0
1,0.46926188468933105,0
1,0.46448826789855957,0
1,0.4658290147781372,0
1,0.4715859293937683,0
0,0.4665301740169525,0
1,0.45649832487106323,0
1,0.4729463756084442,0
0,0.46490478515625,0
0,0.47218844294548035,0
0,0.465955913066864,0
0,0.4643794596195221,0
0,0.47001194953918457,0
0,0.4608263373374939,0
0,0.47270041704177856,0
1,0.4696894884109497,0
0,0.4711248576641083,0
0,0.469906210899353,0
0,0.47000837326049805,0
0,0.4734693467617035,0
1,0.47011932730674744,0
0,0.4704298973083496,0
1,0.45567575097084045,0
1,0.4683173894882202,0
1,0.4729973375797272,0
1,0.46005651354789734,0
0,0.4711453914642334,0
0,0.45253077149391174,0
1,0.4616962969303131,0
1,0.4683837592601776,0
1,0.4720703959465027,0
0,0.45590490102767944,0
0,0.46088993549346924,0
0,0.46585360169410706,0
0,0.4625297486782074,0
0,0.455670028924942,0
1,0.45991989970207214,0
0,0.4704936444759369,0
1,0.4662717878818512,0
0,0.46917399764060974,0
0,0.46573013067245483,0
0,0.4586730897426605,0
0,0.46959102153778076,0
0,0.4577868580818176,0
1,0.47269466519355774,0
0,0.4728369414806366,0
0,0.4733958840370178,0
1,0.463241308927536,0
0,0.47160160541534424,0
1,0.47084900736808777,0
1,0.4726771116256714,0
0,0.4704742133617401,0
1,0.47267070412635803,0
0,0.4720410108566284,0
0,0.4705978035926819,0
1,0.4665556848049164,0
1,0.4617408215999603,0
1,0.46984270215034485,0
1,0.4644061326980591,0
0,0.47273847460746765,0
1,0.47265323996543884,0
0,0.46937909722328186,0
0,0.4564228951931,0
0,0.4707477390766144,0
1,0.46554097533226013,0
1,0.47050249576568604,0
1,0.47348207235336304,0
1,0.4675826132297516,0
0,0.46606940031051636,0
1,0.4617553651332855,0
1,0.47388553619384766,0
1,0.47389891743659973,0
0,0.46232515573501587,0
1,0.47020816802978516,0
1,0.467947781085968,0
0,0.4698856472969055,0
0,0.4616125524044037,0
1,0.4705831706523895,0
0,0.464816153049469,0
1,0.46544432640075684,0
0,0.4711235761642456,0
1,0.4530106782913208,0
1,0.47040948271751404,0
1,0.4686260223388672,0
0,0.4691466689109802,0
1,0.473838746547699,0
0,0.4738609194755554,0
1,0.4711894392967224,0
1,0.4732319414615631,0
1,0.47277113795280457,0
0,0.47359466552734375,0
0,0.47018763422966003,0
0,0.472072958946228,0
1,0.471142053604126,0
0,0.45541948080062866,0
0,0.46909934282302856,0
0,0.4646218419075012,0
1,0.4733564853668213,0
1,0.4635966122150421,0
0,0.464248389005661,0
1,0.47277161478996277,0
0,0.4666071832180023,0
1,0.47256284952163696,0
0,0.4705737829208374,0
1,0.4626316726207733,0
0,0.47244343161582947,0
0,0.47053205966949463,0
1,0.46427521109580994,0
1,0.47001269459724426,0
1,0.4699026942253113,0
1,0.4723919630050659,0
0,0.4724372923374176,0
0,0.469754695892334,0
0,0.4682915210723877,0
0,0.47384485602378845,0
0,0.472827672958374,0
0,0.4696611166000366,0
0,0.4717254638671875,0
0,0.4524907171726227,0
0,0.46665218472480774,0
1,0.4656502902507782,0
0,0.46856486797332764,0
0,0.4711834490299225,0
1,0.4671015739440918,0
1,0.4617977440357208,0
0,0.4603153169155121,0
1,0.4701268672943115,0
0,0.46140000224113464,0
0,0.4735620319843292,0
1,0.4642408788204193,0
0,0.45487818121910095,0
0,0.47427311539649963,0
1,0.46812304854393005,0
0,0.4650447368621826,0
1,0.4713624119758606,0
0,0.4662342667579651,0
1,0.4696533977985382,0
0,0.46235883235931396,0
0,0.47068941593170166,0
0,0.47252127528190613,0
1,0.4634990692138672,0
0,0.4670724868774414,0
1,0.46343693137168884,0
1,0.4739747941493988,0
0,0.46937745809555054,0
0,0.4555284380912781,0
0,0.4565998315811157,0
1,0.450349897146225,0
1,0.4739546775817871,0
1,0.4726184010505676,0
1,0.45772266387939453,0
1,0.4731307327747345,0
1,0.47349682450294495,0
0,0.4707743227481842,0
1,0.46476832032203674,0
1,0.4640685021877289,0
1,0.457454115152359,0
1,0.4565269649028778,0
0,0.47306543588638306,0
1,0.46541911363601685,0
0,0.45792505145072937,0
1,0.47399216890335083,0
1,0.47049301862716675,0
0,0.47136014699935913,0
1,0.4735296368598938,0
1,0.47086209058761597,0
0,0.47007423639297485,0
0,0.47244197130203247,0
1,0.4636493921279907,0
0,0.4726956784725189,0
1,0.469694584608078,0
0,0.46110618114471436,0
0,0.4575025737285614,0
0,0.45662084221839905,0
0,0.4691298305988312,0
1,0.4697664976119995,0
0,0.47397249937057495,0
0,0.4672248959541321,0
0,0.46925705671310425,0
1,0.4727689027786255,0
1,0.4688479006290436,0
0,0.46973633766174316,0
1,0.4526051878929138,0
0,0.47318774461746216,0
0,0.46245065331459045,0
0,0.4743267893791199,0
1,0.4510587155818939,0
0,0.4584709405899048,0
0,0.46694931387901306,0
1,0.46822836995124817,0
1,0.46614202857017517,0
1,0.4724782705307007,0
1,0.452890008687973,0
0,0.47282692790031433,0
1,0.4720737934112549,0
0,0.4568631649017334,0
0,0.46141523122787476,0
0,0.4682077169418335,0
1,0.47276532649993896,0
1,0.46294358372688293,0
1,0.4707297384738922,0
0,0.4690593183040619,0
0,0.4564787745475769,0
1,0.4647608995437622,0
1,0.4639085531234741,0
0,0.47135013341903687,0
0,0.47222763299942017,0
1,0.4696539640426636,0
0,0.45857200026512146,0
0,0.46213215589523315,0
0,0.4651871919631958,0
1,0.4701555669307709,0
1,0.4706616997718811,0
1,0.4714932441711426,0
1,0.47103121876716614,0
0,0.4725818336009979,0
1,0.47373801469802856,0
0,0.4729149043560028,0
1,0.4528753459453583,0
0,0.4689978063106537,0
0,0.46877485513687134,0
0,0.4647181034088135,0
0,0.465036004781723,0
1,0.45683175325393677,0
0,0.46353840827941895,0
1,0.4696520268917084,0
1,0.4730340540409088,0
0,0.46514812111854553,0
0,0.4724246859550476,0
0,0.4646017849445343,0
1,0.4654518663883209,0
0,0.4697115123271942,0
1,0.4557943046092987,0
0,0.47125929594039917,0
1,0.46175870299339294,0
0,0.47201573848724365,0
1,0.471195250749588,0
1,0.4665778577327728,0
0,0.4600788354873657,0
0,0.4705055058002472,0
0,0.4687514007091522,0
1,0.47157344222068787,0
0,0.4732024669647217,0
1,0.4654410183429718,0
1,0.4726898670196533,0
0,0.4735751450061798,0
1,0.47002696990966797,0
1,0.46779945492744446,0
1,0.46142974495887756,0
0,0.4722161293029785,0
1,0.4731365144252777,0
1,0.45885685086250305,0
0,0.4680933356285095,0
1,0.472860723733902,0
1,0.46968910098075867,0
1,0.47055456042289734,0
0,0.4722535014152527,0
1,0.4715903699398041,0
0,0.47307685017585754,0
0,0.46647101640701294,0
0,0.472272127866745,0
1,0.4727223813533783,0
0,0.46928635239601135,0
0,0.4740592837333679,0
1,0.4670375883579254,0
1,0.466179758310318,0
0,0.4591014087200165,0
0,0.4697396159172058,0
0,0.46213555335998535,0
1,0.470068097114563,0
1,0.46979185938835144,0
1,0.4734935760498047,0
1,0.46855628490448,0
0,0.4699046313762665,0
1,0.4685998260974884,0
0,0.4696538746356964,0
0,0.4708177149295807,0
0,0.46503084897994995,0
1,0.4729057252407074,0
1,0.4644699990749359,0
1,0.473259836435318,0
1,0.4725096821784973,0
1,0.4680805802345276,0
1,0.47197696566581726,0
0,0.4640405774116516,0
1,0.4669252038002014,0
0,0.47031500935554504,0
0,0.47356289625167847,0
1,0.47308090329170227,0
1,0.4592617452144623,0
1,0.4573122262954712,0
1,0.47151339054107666,0
0,0.4564994275569916,0
1,0.47200655937194824,0
0,0.4732189178466797,0
0,0.4697350263595581,0
0,0.47319814562797546,0
0,0.46444880962371826,0
0,0.4590906798839569,0
1,0.47013381123542786,0
1,0.4562210738658905,0
1,0.47278162837028503,0
1,0.46697354316711426,0
1,0.472322553396225,0
0,0.4552465081214905,0
1,0.4729866683483124,0
1,0.46869221329689026,0
1,0.4664399027824402,0
1,0.46488603949546814,0
0,0.4721178114414215,0
1,0.4742390215396881,0
1,0.4728459119796753,0
0,0.4681609869003296,0
1,0.47197893261909485,0
1,0.46311092376708984,0
1,0.4719926416873932,0
0,0.47175532579421997,0
1,0.47014373540878296,0
0,0.47108909487724304,0
1,0.4687402844429016,0
0,0.47379249334335327,0
1,0.47116443514823914,0
0,0.46646177768707275,0
0,0.4720386266708374,0
0,0.4728078544139862,0
1,0.4552304148674011,0
0,0.460170179605484,0
0,0.4703984558582306,0
1,0.47395429015159607,0
1,0.47172337770462036,0
1,0.46714314818382263,0
0,0.46608784794807434,0
0,0.46986696124076843,0
0,0.4726962745189667,0
1,0.468669056892395,0
0,0.46464335918426514,0
1,0.4725360870361328,0
1,0.4475826323032379,0
0,0.46608251333236694,0
0,0.4728715121746063,0
1,0.4701872169971466,0
0,0.4596332311630249,0
0,0.4702984392642975,0
0,0.4744003117084503,0
0,0.4727596640586853,0
1,0.45235341787338257,0
0,0.46535083651542664,0
1,0.47394368052482605,0
0,0.4635254740715027,0
1,0.46638399362564087,0
0,0.47242292761802673,0
1,0.4521796405315399,0
0,0.4583675265312195,0
0,0.4728851616382599,0
1,0.4737089276313782,0
1,0.47069987654685974,0
0,0.45572546124458313,0
1,0.46737825870513916,0
1,0.4735504388809204,0
1,0.45342546701431274,0
0,0.4577772915363312,0
1,0.47237449884414673,0
1,0.47104358673095703,0
1,0.47130274772644043,0
1,0.47006767988204956,0
1,0.472922682762146,0
1,0.4727227985858917,0
0,0.4651196599006653,0
0,0.47274965047836304,0
0,0.46001312136650085,0
1,0.47273367643356323,0
0,0.46154820919036865,0
1,0.4483615458011627,0
0,0.4563218355178833,0
1,0.4701268970966339,0
1,0.4692150056362152,0
0,0.46075183153152466,0
1,0.46064069867134094,0
0,0.47098591923713684,0
1,0.4575968086719513,0
0,0.4727354347705841,0
1,0.47246214747428894,0
1,0.47274816036224365,0
0,0.4565139412879944,0
1,0.46893197298049927,0
1,0.46966153383255005,0
1,0.45917463302612305,0
1,0.46946457028388977,0
1,0.47249722480773926,0
1,0.45978379249572754,0
0,0.47299307584762573,0
1,0.46905291080474854,0
0,0.47088006138801575,0
0,0.4729079604148865,0
1,0.4679746627807617,0
1,0.4618433117866516,0
0,0.4581030607223511,0
1,0.466796875,0
1,0.4696941673755646,0
1,0.4719899892807007,0
0,0.46967437863349915,0
0,0.47117525339126587,0
1,0.46965292096138,0
0,0.4551476538181305,0
0,0.470598042011261,0
0,0.47016069293022156,0
1,0.4616296887397766,0
1,0.45522698760032654,0
1,0.4568555951118469,0
1,0.4642569124698639,0
0,0.46623021364212036,0
1,0.46451646089553833,0
0,0.4563835859298706,0
0,0.46987220644950867,0
0,0.4697360396385193,0
0,0.470302551984787,0
0,0.47174587845802307,0
1,0.4716395139694214,0
1,0.4582355320453644,0
1,0.47394925355911255,0
0,0.46419793367385864,0
0,0.4701065719127655,0
1,0.46973562240600586,0
0,0.4750286042690277,0
1,0.46142515540122986,0
1,0.4727787673473358,0
0,0.46081429719924927,0
0,0.4692915380001068,0
1,0.47201675176620483,0
1,0.4667069911956787,0
1,0.47270113229751587,0
0,0.460123747587204,0
0,0.4729268550872803,0
1,0.47241446375846863,0
1,0.47252321243286133,0
0,0.46796584129333496,0
0,0.4717690348625183,0
0,0.47241899371147156,0
1,0.4625007212162018,0
1,0.47165969014167786,0
0,0.47287726402282715,0
0,0.4682152569293976,0
0,0.4532662630081177,0
0,0.4727599024772644,0
1,0.4734672009944916,0
0,0.4563775360584259,0
0,0.461086630821228,0
0,0.4694927930831909,0
0,0.46557876467704773,0
1,0.46710333228111267,0
1,0.4687668979167938,0
0,0.4665595293045044,0
0,0.46889281272888184,0
0,0.45497748255729675,0
1,0.4731985330581665,0
1,0.47023406624794006,0
1,0.46856454014778137,0
0,0.46936482191085815,0
1,0.46964913606643677,0
0,0.4644046425819397,0
0,0.47396764159202576,0
1,0.46845701336860657,0
1,0.4723304808139801,0
0,0.47219300270080566,0
1,0.4662124812602997,0
1,0.47338053584098816,0
0,0.4633244574069977,0
1,0.47199517488479614,0
0,0.45339450240135193,0
1,0.4727380573749542,0
0,0.46890702843666077,0
0,0.4691952168941498,0
1,0.4636114537715912,0
0,0.45165079832077026,0
0,0.47015705704689026,0
0,0.4552737772464752,0
0,0.4712216258049011,0
0,0.46251827478408813,0
0,0.45378363132476807,0
1,0.4735676050186157,0
1,0.45934993028640747,0
1,0.4693458378314972,0
1,0.4696493446826935,0
1,0.46300849318504333,0
0,0.4738404452800751,0
1,0.47032028436660767,0
0,0.4701157510280609,0
0,0.4737732410430908,0
1,0.4646246135234833,0
0,0.4713689982891083,0
0,0.47177571058273315,0
1,0.4705384373664856,0
1,0.4728110432624817,0
1,0.46067172288894653,0
1,0.4712062478065491,0
0,0.46639445424079895,0
1,0.4576009511947632,0
0,0.46901336312294006,0
1,0.4690089523792267,0
0,0.4728263020515442,0
0,0.462474524974823,0
1,0.47242704033851624,0
1,0.4700336158275604,0
1,0.467903196811676,0
0,0.4732547998428345,0
0,0.4687942564487457,0
1,0.4706452786922455,0
1,0.472158819437027,0
1,0.4739571809768677,0
0,0.47167590260505676,0
0,0.4648226499557495,0
1,0.46731656789779663,0
1,0.4701653718948364,0
0,0.4718192219734192,0
0,0.46344271302223206,0
0,0.4726615846157074,0
1,0.4671683609485626,0
0,0.46662628650665283,0
1,0.47100645303726196,0
0,0.4663552939891815,0
0,0.47404778003692627,0
0,0.4676172733306885,0
1,0.46957340836524963,0
1,0.46974313259124756,0
1,0.46657875180244446,0
0,0.4662944972515106,0
1,0.4730917811393738,0
1,0.47346892952919006,0
1,0.46355417370796204,0
1,0.4710354506969452,0
1,0.4682014584541321,0
0,0.4653816223144531,0
1,0.4640035629272461,0
0,0.4547063410282135,0
1,0.46668359637260437,0
0,0.4651171863079071,0
1,0.46818462014198303,0
1,0.4732891917228699,0
0,0.45893844962120056,0
1,0.47076064348220825,0
1,0.4710281491279602,0
0,0.4727530777454376,0
0,0.47273293137550354,0
0,0.4719582200050354,0
0,0.46832290291786194,0
1,0.46079060435295105,0
0,0.47233590483665466,0
0,0.45847025513648987,0
0,0.4653002619743347,0
0,0.46848320960998535,0
1,0.47393885254859924,0
1,0.474618524312973,0
1,0.4627539813518524,0
0,0.4681994616985321,0
1,0.4707562029361725,0
0,0.4727155566215515,0
0,0.46972718834877014,0
0,0.47275158762931824,0
0,0.47042009234428406,0
0,0.4628297686576843,0
0,0.4665657579898834,0
1,0.4690178632736206,0
1,0.4728461802005768,0
0,0.46585437655448914,0
1,0.4725630283355713,0
1,0.4699316918849945,0
1,0.47132810950279236,0
0,0.46058157086372375,0
0,0.47093018889427185,0
1,0.47000932693481445,0
1,0.4722854793071747,0
1,0.4587007761001587,0
0,0.46520060300827026,0
1,0.4679025709629059,0
0,0.4733456075191498,0
1,0.4544571340084076,0
1,0.47274476289749146,0
1,0.4684593975543976,0
1,0.46382883191108704,0
0,0.4734785556793213,0
0,0.4709606468677521,0
1,0.4667549729347229,0
0,0.4726227819919586,0
0,0.4696616530418396,0
0,0.46735504269599915,0
0,0.4655216932296753,0
0,0.4696521759033203,0
1,0.46875473856925964,0
0,0.464751273393631,0
1,0.46909403800964355,0
0,0.4737476408481598,0
0,0.4638965427875519,0
0,0.46474137902259827,0
1,0.46331754326820374,0
0,0.4726915955543518,0
0,0.4704582691192627,0
1,0.4724653959274292,0
0,0.4605180621147156,0
1,0.4611259698867798,0
0,0.47221463918685913,0
0,0.46902018785476685,0
0,0.4731365144252777,0
1,0.4730689525604248,0
0,0.4726758301258087,0
0,0.4690132737159729,0
1,0.4740138649940491,0
0,0.47259193658828735,0
0,0.4731447100639343,0
1,0.4608689248561859,0
1,0.4696701765060425,0
0,0.45594948530197144,0
0,0.4719316065311432,0
0,0.4639952778816223,0
0,0.45606955885887146,0
0,0.4668847620487213,0
0,0.4735032320022583,0
0,0.46041423082351685,0
0,0.45486798882484436,0
0,0.4716881215572357,0
1,0.47063323855400085,0
1,0.472746878862381,0
1,0.45838409662246704,0
0,0.47307124733924866,0
0,0.47257474064826965,0
1,0.4703231155872345,0
1,0.4647824764251709,0
0,0.46999678015708923,0
0,0.4704044759273529,0
0,0.4605935513973236,0
0,0.47354573011398315,0
0,0.4681825339794159,0
0,0.46325087547302246,0
1,0.4727083146572113,0
0,0.4705241918563843,0
0,0.4696081280708313,0
0,0.47012510895729065,0
0,0.47332507371902466,0
1,0.4645935297012329,0
0,0.4696420431137085,0
1,0.45485368371009827,0
1,0.454386830329895,0
0,0.46322569251060486,0
0,0.4723418653011322,0
0,0.46529820561408997,0
1,0.4644419848918915,0
1,0.47240692377090454,0
0,0.47170865535736084,0
1,0.4644136428833008,0
1,0.46873924136161804,0
0,0.4734659194946289,0
0,0.47274646162986755,0
0,0.46415892243385315,0
1,0.4727492928504944,0
1,0.4698013663291931,0
1,0.472713440656662,0
0,0.46141517162323,0
0,0.46867769956588745,0
1,0.46944907307624817,0
1,0.46966081857681274,0
0,0.4696461856365204,0
1,0.47319772839546204,0
0,0.4741353690624237,0
0,0.4722580313682556,0
0,0.457659512758255,0
0,0.4732069671154022,0
1,0.46462514996528625,0
1,0.4720686972141266,0
0,0.4693377614021301,0
0,0.4719913601875305,0
1,0.47273826599121094,0
1,0.4726714491844177,0
1,0.47256216406822205,0
0,0.47228676080703735,0
0,0.46988001465797424,0
0,0.467745840549469,0
0,0.46965491771698,0
1,0.46682074666023254,0
0,0.4664342999458313,0
1,0.47275564074516296,0
1,0.4726434350013733,0
1,0.4569171667098999,0
0,0.472587525844574,0
0,0.46465787291526794,0
1,0.4725379943847656,0
1,0.45996004343032837,0
1,0.47200438380241394,0
0,0.47370946407318115,0
1,0.46707016229629517,0
1,0.467189759016037,0
0,0.47053617238998413,0
0,0.47261178493499756,0
1,0.4729776084423065,0
1,0.46934273838996887,0
0,0.4627816081047058,0
0,0.4694138765335083,0
0,0.4730908274650574,0
0,0.46823081374168396,0
1,0.4615739583969116,0
1,0.462013840675354,0
1,0.46979331970214844,0
1,0.4732765257358551,0
1,0.4645894765853882,0
0,0.46938076615333557,0
1,0.46589452028274536,0
1,0.45738399028778076,0
1,0.46835577487945557,0
0,0.4554864466190338,0
0,0.4707005023956299,0
0,0.47246283292770386,0
1,0.46108803153038025,0
0,0.4702785015106201,0
1,0.4670844078063965,0
1,0.4685114324092865,0
1,0.46971961855888367,0
0,0.469365656375885,0
0,0.47082141041755676,0
1,0.46932274103164673,0
0,0.47176074981689453,0
0,0.46490657329559326,0
1,0.4723753035068512,0
0,0.4706430435180664,0
0,0.472393661737442,0
0,0.4729348421096802,0
0,0.47034791111946106,0
0,0.46155083179473877,0
0,0.46369755268096924,0
0,0.4730963706970215,0
1,0.47016921639442444,0
0,0.4742933213710785,0
1,0.47267284989356995,0
0,0.46196916699409485,0
0,0.4597529470920563,0
1,0.47063344717025757,0
0,0.46316421031951904,0
0,0.4618106782436371,0
1,0.4676267206668854,0
1,0.4650638997554779,0
1,0.4700440764427185,0
0,0.4731176197528839,0
0,0.4557044804096222,0
1,0.47199735045433044,0
0,0.47377869486808777,0
0,0.473971962928772,0
0,0.47106650471687317,0
0,0.4651353359222412,0
0,0.46870777010917664,0
0,0.4638795852661133,0
1,0.46736013889312744,0
1,0.4701884686946869,0
1,0.4562903642654419,0
1,0.45286300778388977,0
0,0.4705449342727661,0
1,0.45704182982444763,0
1,0.4621652066707611,0
1,0.47306424379348755,0
0,0.4727798104286194,0
1,0.47297403216362,0
0,0.4695877134799957,0
0,0.468914270401001,0
0,0.46254363656044006,0
0,0.46224531531333923,0
1,0.46795061230659485,0
1,0.47215819358825684,0
1,0.4682333171367645,0
0,0.4662894010543823,0
0,0.471003919839859,0
0,0.47333651781082153,0
0,0.4709467887878418,0
1,0.47069022059440613,0
0,0.45365479588508606,0
1,0.45444223284721375,0
0,0.4704809784889221,0
1,0.4695455729961395,0
1,0.4695119857788086,0
0,0.4641270339488983,0
1,0.4663545787334442,0
0,0.4727749228477478,0
1,0.47277703881263733,0
0,0.45717665553092957,0
0,0.4537199139595032,0
1,0.4567793309688568,0
0,0.4529080092906952,0
0,0.46797430515289307,0
1,0.4725922644138336,0
0,0.473053902387619,0
0,0.467695027589798,0
0,0.4704340100288391,0
1,0.4642742872238159,0
0,0.45632320642471313,0
1,0.46791693568229675,0
0,0.46900004148483276,0
0,0.46852895617485046,0
0,0.472432941198349,0
0,0.4625726044178009,0
0,0.472751259803772,0
1,0.4534597396850586,0
1,0.46567302942276,0
0,0.4689420461654663,0
0,0.4727455675601959,0
0,0.4671148955821991,0
1,0.4647202789783478,0
1,0.47416186332702637,0
0,0.47251394391059875,0
1,0.45869994163513184,0
1,0.4599398672580719,0
0,0.4630092978477478,0
0,0.4685892164707184,0
0,0.4726560115814209,0
0,0.47036489844322205,0
1,0.4738868176937103,0
1,0.4561522603034973,0
0,0.4683939516544342,0
0,0.45486634969711304,0
0,0.47079023718833923,0
1,0.4658123552799225,0
0,0.47267740964889526,0
0,0.45638298988342285,0
1,0.4692977964878082,0
0,0.47269999980926514,0
0,0.4697345495223999,0
1,0.4717397391796112,0
1,0.4616870880126953,0
0,0.4616435468196869,0
0,0.46543771028518677,0
0,0.47031837701797485,0
1,0.46169671416282654,0
0,0.4728982746601105,0
0,0.4680781364440918,0
0,0.4659813940525055,0
1,0.472334623336792,0
1,0.46454280614852905,0
1,0.4556642174720764,0
0,0.4636160731315613,0
0,0.47199901938438416,0
0,0.47304973006248474,0
0,0.47380009293556213,0
0,0.47038134932518005,0
0,0.4546280801296234,0
0,0.4733090102672577,0
0,0.46420058608055115,0
0,0.45296522974967957,0
1,0.46968647837638855,0
0,0.4727749228477478,0
1,0.4544322192668915,0
0,0.47269999980926514,0
1,0.4699198603630066,0
0,0.4729808270931244,0
1,0.4593334197998047,0
1,0.4662882685661316,0
1,0.4729575514793396,0
0,0.4547508955001831,0
1,0.46256041526794434,0
1,0.47246816754341125,0
0,0.46836552023887634,0
0,0.47394540905952454,0
1,0.4702553153038025,0
0,0.462289959192276,0
0,0.4733666479587555,0
1,0.4720236659049988,0
1,0.46463742852211,0
1,0.46418631076812744,0
0,0.4556182324886322,0
1,0.4685032069683075,0
1,0.4727484881877899,0
0,0.4625909626483917,0
0,0.4624086916446686,0
1,0.47393763065338135,0
0,0.4695523977279663,0
0,0.4697481393814087,0
1,0.47266685962677,0
0,0.4600801467895508,0
0,0.47268956899642944,0
1,0.4680976867675781,0
1,0.4716624915599823,0
1,0.46902984380722046,0
1,0.4511551260948181,0
0,0.472102552652359,0
1,0.46751120686531067,0
1,0.468927264213562,0
0,0.4561953544616699,0
0,0.4724440574645996,0
1,0.47145599126815796,0
0,0.4711361229419708,0
0,0.46719762682914734,0
1,0.46225249767303467,0
1,0.4655766785144806,0
0,0.471366286277771,0
0,0.45589616894721985,0
0,0.47315412759780884,0
0,0.46710360050201416,0
0,0.4679614007472992,0
0,0.4728105664253235,0
0,0.47153735160827637,0
0,0.4619003236293793,0
0,0.47152838110923767,0
0,0.47263917326927185,0
1,0.45525941252708435,0
1,0.47185611724853516,0
0,0.4712941646575928,0
0,0.4674554765224457,0
1,0.4612680673599243,0
0,0.45776161551475525,0
1,0.4713093936443329,0
0,0.47020211815834045,0
0,0.4535864591598511,0
1,0.4637805223464966,0
1,0.4729112684726715,0
1,0.4656165838241577,0
0,0.46982383728027344,0
1,0.46518006920814514,0
1,0.4729962944984436,0
1,0.4658817946910858,0
1,0.47195523977279663,0
1,0.46094170212745667,0
0,0.46965229511260986,0
1,0.4685863256454468,0
1,0.4637494385242462,0
1,0.4735594689846039,0
0,0.4696538746356964,0
0,0.46309998631477356,0
1,0.4737953841686249,0
1,0.4632086753845215,0
0,0.46524760127067566,0
0,0.4622572958469391,0
0,0.47132518887519836,0
1,0.47328680753707886,0
1,0.46961018443107605,0
0,0.46744588017463684,0
1,0.45555222034454346,0
0,0.46961915493011475,0
1,0.45407819747924805,0
0,0.47229069471359253,0
1,0.46461328864097595,0
1,0.46086952090263367,0
1,0.4729054570198059,0
0,0.4726753830909729,0
1,0.4578438699245453,0
1,0.4617958664894104,0
1,0.4681118428707123,0
1,0.4705631136894226,0
1,0.4717429280281067,0
1,0.469760537147522,0
1,0.46215078234672546,0
1,0.4696517586708069,0
0,0.47084301710128784,0
1,0.4692756235599518,0
1,0.46485182642936707,0
0,0.46093258261680603,0
0,0.4703613221645355,0
1,0.46367233991622925,0
0,0.4685981571674347,0
1,0.46044549345970154,0
0,0.47021040320396423,0
1,0.47255098819732666,0
1,0.4703167974948883,0
0,0.4629421532154083,0
0,0.4661693871021271,0
0,0.4660927653312683,0
0,0.46597495675086975,0
1,0.47337979078292847,0
0,0.4511616826057434,0
1,0.4570438265800476,0
0,0.45689690113067627,0
1,0.4545312225818634,0
0,0.46966344118118286,0
0,0.46075040102005005,0
0,0.4601778984069824,0
1,0.4579402506351471,0
0,0.4609767496585846,0
1,0.47131311893463135,0
1,0.4682791233062744,0
0,0.4697639048099518,0
0,0.46921926736831665,0
0,0.45742225646972656,0
1,0.472937673330307,0
1,0.45770126581192017,0
1,0.46888837218284607,0
0,0.47237515449523926,0
1,0.45724159479141235,0
0,0.4658482074737549,0
1,0.4633483588695526,0
1,0.47116392850875854,0
0,0.4664883315563202,0
0,0.4659997224807739,0
1,0.46580496430397034,0
0,0.46731412410736084,0
0,0.47149255871772766,0
0,0.47073274850845337,0
1,0.457266241312027,0
0,0.4618931710720062,0
1,0.4684024751186371,0
1,0.4697956442832947,0
1,0.469716876745224,0
0,0.4667201042175293,0
1,0.4536394476890564,0
0,0.47195959091186523,0
0,0.4738101661205292,0
0,0.4692184031009674,0
0,0.466980904340744,0
1,0.4693148136138916,0
1,0.4554195702075958,0
0,0.47253236174583435,0
1,0.467566579580307,0
1,0.4552353322505951,0
0,0.46235477924346924,0
1,0.46459564566612244,0
1,0.452055424451828,0
0,0.4700089991092682,0
0,0.46549123525619507,0
1,0.45776280760765076,0
0,0.45253536105155945,0
0,0.47043469548225403,0
1,0.4700264036655426,0
1,0.4730551838874817,0
1,0.47226378321647644,0
0,0.4712257981300354,0
1,0.4716106355190277,0
1,0.4545707106590271,0
1,0.45752543210983276,0
0,0.46830692887306213,0
0,0.46240824460983276,0
0,0.4523899555206299,0
1,0.46752798557281494,0
1,0.4732653796672821,0
1,0.4685225784778595,0
0,0.4645540118217468,0
0,0.47116321325302124,0
1,0.46864935755729675,0
1,0.46907100081443787,0
1,0.4722667634487152,0
0,0.47027039527893066,0
1,0.47009897232055664,0
0,0.47128552198410034,0
1,0.46969088912010193,0
1,0.4699282944202423,0
0,0.4633488655090332,0
0,0.4609282910823822,0
1,0.4690958261489868,0
1,0.46294960379600525,0
1,0.4705316424369812,0
1,0.4650445878505707,0
0,0.4657534062862396,0
1,0.46691957116127014,0
0,0.46610772609710693,0
0,0.4737136662006378,0
1,0.4705151617527008,0
0,0.46527299284935,0
1,0.47250744700431824,0
0,0.46425661444664,0
0,0.47277700901031494,0
1,0.4716489017009735,0
0,0.4652305245399475,0
1,0.47228047251701355,0
0,0.46372175216674805,0
1,0.46462303400039673,0
1,0.46792909502983093,0
1,0.46821868419647217,0
0,0.4584065079689026,0
1,0.4705396592617035,0
0,0.4580463767051697,0
0,0.4589788019657135,0
1,0.468892365694046,0
1,0.47084903717041016,0
0,0.4693855941295624,0
1,0.4642668664455414,0
0,0.46466267108917236,0
0,0.45480209589004517,0
1,0.4597611129283905,0
1,0.47064316272735596,0
0,0.4623723030090332,0
1,0.4677960276603699,0
0,0.4573666751384735,0
0,0.4699585437774658,0
1,0.46672770380973816,0
0,0.46684619784355164,0
1,0.4710351228713989,0
1,0.4739034175872803,0
0,0.4580804407596588,0
1,0.4725804924964905,0
1,0.4518231749534607,0
0,0.47329917550086975,0
0,0.47263863682746887,0
1,0.47002482414245605,0
0,0.4705277979373932,0
0,0.4723980724811554,0
1,0.47344765067100525,0
0,0.47199925780296326,0
0,0.47254061698913574,0
0,0.4726569652557373,0
1,0.4703911244869232,0
1,0.4699324369430542,0
1,0.46248722076416016,0
1,0.47312572598457336,0
1,0.4653400182723999,0
0,0.45587509870529175,0
1,0.4730372428894043,0
1,0.4548485577106476,0
1,0.47065678238868713,0
1,0.45702406764030457,0
0,0.47115612030029297,0
1,0.4726111590862274,0
1,0.464540034532547,0
0,0.4726877510547638,0
0,0.46244117617607117,0
0,0.46928802132606506,0
0,0.4700518250465393,0
1,0.46087610721588135,0
1,0.4724830687046051,0
0,0.4728306531906128,0
0,0.47249913215637207,0
0,0.4702109098434448,0
0,0.4560619294643402,0
1,0.4606897830963135,0
0,0.46158263087272644,0
1,0.4593275487422943,0
0,0.46142029762268066,0
1,0.4627036452293396,0
0,0.456442266702652,0
1,0.47022131085395813,0
0,0.4634752869606018,0
0,0.47309520840644836,0
0,0.4704955518245697,0
1,0.4739696681499481,0
0,0.460496723651886,0
0,0.4662991464138031,0
0,0.4697713851928711,0
1,0.46590644121170044,0
0,0.46208298206329346,0
0,0.47273731231689453,0
1,0.4697864353656769,0
1,0.4727325439453125,0
1,0.47332850098609924,0
1,0.4696519672870636,0
0,0.47308894991874695,0
1,0.47181689739227295,0
1,0.47026148438453674,0
0,0.4621471166610718,0
1,0.46599215269088745,0
1,0.46861782670021057,0
0,0.4727613925933838,0
1,0.4637235105037689,0
0,0.4636884331703186,0
0,0.4615439772605896,0
0,0.46328333020210266,0
0,0.4688749611377716,0
0,0.4701366126537323,0
1,0.47106581926345825,0
0,0.47282320261001587,0
0,0.46764621138572693,0
0,0.4733607769012451,0
0,0.4507670998573303,0
1,0.4726075828075409,0
1,0.4705551862716675,0
0,0.4611611068248749,0
1,0.47054895758628845,0
1,0.4672912061214447,0
1,0.4718066453933716,0
0,0.4594069719314575,0
1,0.47268185019493103,0
0,0.4655667543411255,0
1,0.47277525067329407,0
1,0.46976348757743835,0
1,0.46861177682876587,0
1,0.4560447633266449,0
1,0.4705216586589813,0
0,0.47342169284820557,0
1,0.47032439708709717,0
1,0.46269360184669495,0
1,0.4678250849246979,0
1,0.46965187788009644,0
0,0.46946340799331665,0
1,0.4699997901916504,0
1,0.46888649463653564,0
0,0.4727632999420166,0
0,0.471265971660614,0
1,0.46892043948173523,0
0,0.4724217653274536,0
0,0.47058233618736267,0
0,0.47303980588912964,0
1,0.453567236661911,0
1,0.4738418459892273,0
1,0.46257710456848145,0
0,0.45751306414604187,0
0,0.46111664175987244,0
1,0.45703500509262085,0
0,0.46194174885749817,0
1,0.46860402822494507,0
0,0.4673392176628113,0
0,0.4564783573150635,0
0,0.4650050699710846,0
1,0.4646158814430237,0
0,0.4742870628833771,0
0,0.4729486107826233,0
1,0.4599074125289917,0
1,0.4662293791770935,0
1,0.4640704095363617,0
1,0.46320298314094543,0
0,0.4662190079689026,0
1,0.4727100133895874,0
0,0.4643676280975342,0
1,0.4737716317176819,0
1,0.47326698899269104,0
1,0.47228291630744934,0
1,0.45743685960769653,0
0,0.47267261147499084,0
1,0.46000757813453674,0
1,0.45837274193763733,0
1,0.4583486020565033,0
1,0.47049015760421753,0
1,0.4728221297264099,0
1,0.4672577977180481,0
0,0.47366467118263245,0
0,0.4694047272205353,0
0,0.46935734152793884,0
1,0.4647417962551117,0
0,0.4701472520828247,0
0,0.46406275033950806,0
0,0.4715953469276428,0
0,0.45909711718559265,0
0,0.4727288782596588,0
1,0.456634521484375,0
1,0.4673362970352173,0
0,0.4655565321445465,0
0,0.467049777507782,0
1,0.47073981165885925,0
0,0.46755874156951904,0
1,0.47367343306541443,0
1,0.4644390046596527,0
0,0.4702007472515106,0
0,0.46563586592674255,0
1,0.46820029616355896,0
1,0.4635234475135803,0
0,0.4738820493221283,0
1,0.46465006470680237,0
1,0.4705553352832794,0
1,0.4613696336746216,0
0,0.45780259370803833,0
1,0.45573368668556213,0
0,0.47231239080429077,0
1,0.45976096391677856,0
1,0.4640211760997772,0
1,0.4707362651824951,0
1,0.47316229343414307,0
1,0.4707804024219513,0
1,0.4552595019340515,0
0,0.462204247713089,0
0,0.4656907320022583,0
1,0.45782166719436646,0
1,0.4711553454399109,0
1,0.4601036608219147,0
1,0.4642070233821869,0
0,0.4730641841888428,0
0,0.4705210328102112,0
0,0.4605325162410736,0
1,0.45898565649986267,0
0,0.4675653278827667,0
1,0.4718935489654541,0
1,0.4676101505756378,0
1,0.4727640450000763,0
0,0.47288036346435547,0
1,0.4677494764328003,0
1,0.46067318320274353,0
0,0.47044408321380615,0
0,0.47267457842826843,0
0,0.4677663743495941,0
0,0.46940478682518005,0
1,0.4714895486831665,0
1,0.4618406891822815,0
1,0.47280192375183105,0
1,0.4727114140987396,0
1,0.46650370955467224,0
0,0.46314671635627747,0
1,0.4725354015827179,0
0,0.46639537811279297,0
1,0.4648776650428772,0
1,0.46907272934913635,0
0,0.4633416533470154,0
0,0.4697105288505554,0
0,0.45775482058525085,0
1,0.4661214053630829,0
0,0.4720466136932373,0
0,0.47307711839675903,0
0,0.4718499183654785,0
0,0.458107590675354,0
1,0.4706077575683594,0
0,0.4697273075580597,0
1,0.4662805497646332,0
0,0.45709604024887085,0
1,0.4732244908809662,0
1,0.468924343585968,0
0,0.4561435282230377,0
1,0.465889036655426,0
0,0.46037212014198303,0
0,0.46322232484817505,0
1,0.46348175406455994,0
1,0.46738794445991516,0
1,0.4701889455318451,0
1,0.47088947892189026,0
0,0.45293349027633667,0
0,0.46462368965148926,0
1,0.47273901104927063,0
0,0.4644537568092346,0
1,0.46029117703437805,0
1,0.4714651107788086,0
0,0.4693997800350189,0
1,0.4679338037967682,0
1,0.4545530378818512,0
0,0.470984548330307,0
1,0.4728904664516449,0
1,0.4730304777622223,0
0,0.4708710312843323,0
1,0.47225815057754517,0
0,0.47019141912460327,0
1,0.458522766828537,0
0,0.47209760546684265,0
0,0.47074785828590393,0
0,0.4581374228000641,0
0,0.46637222170829773,0
1,0.47323286533355713,0
1,0.4719381332397461,0
0,0.47058016061782837,0
0,0.4580117464065552,0
1,0.4675855338573456,0
1,0.4654361605644226,0
0,0.46397626399993896,0
0,0.47117260098457336,0
0,0.4721454381942749,0
0,0.46489468216896057,0
1,0.4574803113937378,0
0,0.4621501863002777,0
0,0.4513479173183441,0
1,0.46795573830604553,0
1,0.4630737006664276,0
1,0.46933507919311523,0
0,0.4727254807949066,0
0,0.4613211154937744,0
0,0.47396960854530334,0
1,0.4713529944419861,0
1,0.4671282470226288,0
0,0.4711425304412842,0
0,0.47302040457725525,0
0,0.47204792499542236,0
0,0.4694622755050659,0
0,0.4549795091152191,0
0,0.45571765303611755,0
1,0.468223512172699,0
0,0.47159165143966675,0
0,0.4734695553779602,0
1,0.46960318088531494,0
0,0.4688322842121124,0
0,0.4696977734565735,0
1,0.46484294533729553,0
0,0.47337958216667175,0
0,0.4689609408378601,0
0,0.4556815028190613,0
0,0.4599730670452118,0
0,0.4685361683368683,0
0,0.4727037250995636,0
1,0.46363410353660583,0
0,0.47291532158851624,0
0,0.4697574973106384,0
0,0.464255154132843,0
1,0.4711557626724243,0
0,0.4703872501850128,0
0,0.47091543674468994,0
1,0.45820778608322144,0
0,0.4729241728782654,0
1,0.45811140537261963,0
1,0.4609374403953552,0
1,0.46439236402511597,0
1,0.47358787059783936,0
0,0.4682147204875946,0
1,0.47272345423698425,0
0,0.46966564655303955,0
0,0.4728918671607971,0
0,0.46274080872535706,0
1,0.4635999798774719,0
1,0.453083336353302,0
1,0.4715319573879242,0
1,0.46950477361679077,0
0,0.46718013286590576,0
1,0.4738149344921112,0
1,0.4587741494178772,0
1,0.46545174717903137,0
0,0.4628233313560486,0
0,0.46833544969558716,0
0,0.4612942337989807,0
1,0.47026506066322327,0
1,0.4730210304260254,0
0,0.457640141248703,0
1,0.45322322845458984,0
0,0.4588715136051178,0
1,0.46930813789367676,0
1,0.4691980481147766,0
0,0.46692970395088196,0
1,0.4732113480567932,0
1,0.4727751910686493,0
1,0.4711807072162628,0
1,0.4727449119091034,0
0,0.4546842575073242,0
1,0.45752912759780884,0
1,0.46040740609169006,0
1,0.4550391137599945,0
1,0.4541608989238739,0
1,0.4642537236213684,0
1,0.4599597156047821,0
1,0.46436211466789246,0
1,0.47213491797447205,0
1,0.4718182682991028,0
0,0.4728209674358368,0
1,0.4685646593570709,0
1,0.46435368061065674,0
0,0.4735581874847412,0
0,0.464539110660553,0
0,0.47240301966667175,0
0,0.47305330634117126,0
0,0.4601818919181824,0
1,0.4697509706020355,0
1,0.47394368052482605,0
1,0.4687547981739044,0
1,0.4736189544200897,0
0,0.4696753919124603,0
1,0.47259241342544556,0
1,0.4583073854446411,0
1,0.4625820815563202,0
0,0.4698534905910492,0
1,0.45779168605804443,0
1,0.46621954441070557,0
0,0.47133567929267883,0
1,0.4621196687221527,0
1,0.47153401374816895,0
1,0.4622720181941986,0
1,0.46519219875335693,0
0,0.46812310814857483,0
1,0.47216111421585083,0
1,0.4730865955352783,0
1,0.4539874792098999,0
1,0.4676983654499054,0
0,0.4566112458705902,0
1,0.45741626620292664,0
1,0.4609776735305786,0
1,0.45502859354019165,0
0,0.45934897661209106,0
1,0.4717349708080292,0
1,0.4696570336818695,0
1,0.47139713168144226,0
0,0.4717046022415161,0
0,0.45630520582199097,0
1,0.47408533096313477,0
1,0.46791431307792664,0
0,0.469664067029953,0
1,0.4577789604663849,0
1,0.47043195366859436,0
1,0.4719439744949341,0
0,0.46697354316711426,0
1,0.45340582728385925,0
0,0.45628494024276733,0
0,0.46965670585632324,0
1,0.47320225834846497,0
1,0.4729124903678894,0
0,0.47214725613594055,0
0,0.46912091970443726,0
0,0.47001102566719055,0
0,0.47305113077163696,0
1,0.47274869680404663,0
1,0.4732949137687683,0
0,0.4593110978603363,0
1,0.4689023196697235,0
1,0.47050487995147705,0
0,0.47025689482688904,0
0,0.47077929973602295,0
0,0.4670831561088562,0
0,0.4624440670013428,0
0,0.46830400824546814,0
1,0.4630911350250244,0
0,0.47155505418777466,0
1,0.46884885430336,0
0,0.47341564297676086,0
0,0.4727446436882019,0
1,0.4738509953022003,0
1,0.4716843366622925,0
1,0.4706552028656006,0
0,0.46673959493637085,0
1,0.46991613507270813,0
1,0.4720172882080078,0
1,0.4717685878276825,0
1,0.4656611382961273,0
0,0.4557517170906067,0
0,0.4737050533294678,0
0,0.46982696652412415,0
1,0.4710955321788788,0
0,0.47239089012145996,0
1,0.46246156096458435,0
1,0.46432772278785706,0
0,0.4616628587245941,0
1,0.4702732264995575,0
1,0.45420074462890625,0
1,0.4548375904560089,0
0,0.47273537516593933,0
0,0.47273004055023193,0
1,0.47129637002944946,0
0,0.47268998622894287,0
1,0.46487879753112793,0
0,0.4739743173122406,0
1,0.4690887928009033,0
1,0.4736572504043579,0
1,0.4663817882537842,0
0,0.4710877239704132,0
0,0.46417346596717834,0
1,0.45362991094589233,0
1,0.45983806252479553,0
1,0.47397834062576294,0
0,0.4578416645526886,0
0,0.46427401900291443,0
1,0.4724554419517517,0
0,0.46364983916282654,0
0,0.4643920958042145,0
0,0.4704892039299011,0
0,0.45964038372039795,0
1,0.47313767671585083,0
0,0.46279749274253845,0
0,0.4672602713108063,0
1,0.4688778817653656,0
0,0.46856480836868286,0
1,0.4730963110923767,0
1,0.46084025502204895,0
0,0.4726865887641907,0
1,0.4730183780193329,0
1,0.47313329577445984,0
0,0.4727671444416046,0
1,0.47159603238105774,0
1,0.45498737692832947,0
1,0.47012290358543396,0
0,0.4696722626686096,0
1,0.4554406404495239,0
1,0.45354196429252625,0
1,0.46173954010009766,0
1,0.4729187786579132,0
1,0.4727027714252472,0
1,0.468275249004364,0
1,0.46965402364730835,0
0,0.45942747592926025,0
0,0.4705065190792084,0
0,0.4550996422767639,0
0,0.4739866852760315,0
1,0.4737204611301422,0
0,0.47049227356910706,0
0,0.4708145260810852,0
0,0.47078683972358704,0
0,0.47317397594451904,0
0,0.47023963928222656,0
1,0.4725758135318756,0
1,0.46545207500457764,0
1,0.469652384519577,0
1,0.4712112247943878,0
0,0.47387638688087463,0
1,0.4696584939956665,0
0,0.45569050312042236,0
1,0.4672066867351532,0
1,0.462447851896286,0
0,0.4633926451206207,0
1,0.4639703333377838,0
1,0.47388923168182373,0
1,0.4678177237510681,0
1,0.469808429479599,0
1,0.46937164664268494,0
0,0.45543742179870605,0
1,0.4652602970600128,0
0,0.4730103015899658,0
1,0.4656117260456085,0
1,0.4731294512748718,0
1,0.4711143672466278,0
0,0.46104860305786133,0
1,0.4617656171321869,0
0,0.46960172057151794,0
1,0.4653182625770569,0
0,0.4578535258769989,0
0,0.47295713424682617,0
0,0.47049617767333984,0
0,0.47212913632392883,0
0,0.4727478623390198,0
1,0.4710521996021271,0
0,0.46690574288368225,0
1,0.46557560563087463,0
0,0.4710390269756317,0
1,0.4672274887561798,0
1,0.4727139472961426,0
0,0.46997761726379395,0
1,0.47032734751701355,0
1,0.45517343282699585,0
1,0.4555559754371643,0
1,0.46057191491127014,0
0,0.4710715115070343,0
1,0.46745744347572327,0
0,0.468828946352005,0
1,0.46574434638023376,0
0,0.4702708125114441,0
1,0.47117576003074646,0
1,0.4739575982093811,0
0,0.4609018862247467,0
1,0.46230003237724304,0
1,0.4727221131324768,0
1,0.4687125086784363,0
0,0.4561692178249359,0
1,0.46995529532432556,0
1,0.46571558713912964,0
1,0.469715416431427,0
0,0.4647446870803833,0
1,0.45924893021583557,0
0,0.4646509885787964,0
0,0.47311076521873474,0
1,0.458107590675354,0
0,0.47069332003593445,0
0,0.4672212600708008,0
1,0.47105005383491516,0
1,0.46304231882095337,0
1,0.4704674780368805,0
1,0.4713073968887329,0
1,0.47173014283180237,0
0,0.4742460250854492,0
1,0.47124624252319336,0
1,0.4696029722690582,0
1,0.47004324197769165,0
1,0.46476733684539795,0
1,0.46632149815559387,0
0,0.47346848249435425,0
0,0.4675970673561096,0
1,0.46965882182121277,0
0,0.4682033360004425,0
1,0.47176796197891235,0
1,0.45759835839271545,0
0,0.4643310308456421,0
1,0.4683015048503876,0
1,0.45521435141563416,0
0,0.4696621298789978,0
0,0.4701785445213318,0
0,0.472394734621048,0
1,0.4722094237804413,0
0,0.4693729877471924,0
0,0.4706681966781616,0
0,0.4668031632900238,0
0,0.467361181974411,0
0,0.4679591655731201,0
1,0.47173187136650085,0
1,0.45404282212257385,0
0,0.457968533039093,0
0,0.4730171263217926,0
1,0.4726761281490326,0
0,0.4668157398700714,0
0,0.46303945779800415,0
0,0.4734843671321869,0
0,0.471156507730484,0
0,0.4582737386226654,0
1,0.46962112188339233,0
0,0.47256919741630554,0
0,0.45613324642181396,0
1,0.4725833535194397,0
0,0.47058001160621643,0
0,0.472709059715271,0
0,0.47015446424484253,0
1,0.4652859568595886,0
1,0.4712124168872833,0
0,0.470097154378891,0
1,0.4736078679561615,0
0,0.4628239870071411,0
0,0.4651809334754944,0
1,0.4609740376472473,0
1,0.4701598882675171,0
0,0.4722483456134796,0
0,0.4650552570819855,0
1,0.4726824164390564,0
1,0.4544833302497864,0
0,0.46464860439300537,0
0,0.4702642261981964,0
1,0.465467244386673,0
1,0.47292646765708923,0
1,0.46269628405570984,0
0,0.4594312012195587,0
1,0.4559808075428009,0
0,0.4679475724697113,0
1,0.4720652997493744,0
1,0.4608866572380066,0
1,0.4719654321670532,0
0,0.47004860639572144,0
1,0.47063085436820984,0
0,0.4726717174053192,0
1,0.4557121992111206,0
0,0.46042174100875854,0
1,0.4653405249118805,0
0,0.47154659032821655,0
1,0.47174403071403503,0
0,0.471278578042984,0
0,0.46965304017066956,0
0,0.46794334053993225,0
0,0.45556607842445374,0
1,0.47025009989738464,0
1,0.4613319933414459,0
1,0.47029951214790344,0
1,0.46807020902633667,0
1,0.47261860966682434,0
1,0.45587605237960815,0
1,0.4598151445388794,0
1,0.4617811441421509,0
1,0.4722505807876587,0
1,0.47270122170448303,0
0,0.47023507952690125,0
0,0.47317397594451904,0
1,0.47313329577445984,0
1,0.4680829346179962,0
0,0.46194714307785034,0
0,0.46988725662231445,0
0,0.4722804129123688,0
1,0.47101131081581116,0
1,0.46968770027160645,0
1,0.4729072153568268,0
1,0.4647250175476074,0
0,0.4699368178844452,0
0,0.459139883518219,0
1,0.4732517600059509,0
0,0.4603153169155121,0
1,0.4700494706630707,0
1,0.4728851616382599,0
0,0.4642663598060608,0
1,0.4729859232902527,0
0,0.4729973375797272,0
0,0.4690482020378113,0
1,0.4706076681613922,0
1,0.46098315715789795,0
1,0.47260817885398865,0
0,0.46939536929130554,0
1,0.4681183695793152,0
1,0.4704407751560211,0
0,0.46449804306030273,0
1,0.47275781631469727,0
0,0.47122520208358765,0
1,0.4698922336101532,0
0,0.4547845721244812,0
0,0.470369428396225,0
1,0.47040265798568726,0
1,0.4723755717277527,0
0,0.47302284836769104,0
0,0.4626764953136444,0
1,0.46223685145378113,0
0,0.4692290723323822,0
0,0.46655476093292236,0
1,0.4725634455680847,0
0,0.46921831369400024,0
1,0.4739675223827362,0
0,0.47347554564476013,0
0,0.47020670771598816,0
1,0.458400696516037,0
0,0.4733611047267914,0
0,0.46448013186454773,0
0,0.4698922336101532,0
0,0.4529101550579071,0
1,0.47133514285087585,0
1,0.46336060762405396,0
1,0.47148773074150085,0
0,0.4626774787902832,0
0,0.4700077474117279,0
0,0.47103363275527954,0
0,0.4631574749946594,0
1,0.472896933555603,0
0,0.4640239477157593,0
1,0.4685116708278656,0
0,0.4628194570541382,0
1,0.46667778491973877,0
1,0.45005327463150024,0
0,0.45621153712272644,0
0,0.46275249123573303,0
1,0.4711739718914032,0
1,0.46118512749671936,0
0,0.4699922502040863,0
1,0.4707843065261841,0
0,0.46568721532821655,0
1,0.47276416420936584,0
1,0.4653637111186981,0
0,0.47188839316368103,0
0,0.4654489755630493,0
0,0.4648348093032837,0
1,0.4638029932975769,0
1,0.46486788988113403,0
0,0.4614573121070862,0
0,0.4720502197742462,0
1,0.4669501483440399,0
0,0.46015191078186035,0
0,0.46965524554252625,0
1,0.4610959589481354,0
1,0.4732252359390259,0
1,0.470511257648468,0
1,0.47064927220344543,0
0,0.47267651557922363,0
1,0.47126784920692444,0
1,0.46093177795410156,0
1,0.4645150303840637,0
0,0.47155600786209106,0
0,0.4557442367076874,0
1,0.4638850688934326,0
1,0.4665197432041168,0
0,0.472333699464798,0
0,0.46862223744392395,0
1,0.46957656741142273,0
0,0.4560483396053314,0
0,0.46514174342155457,0
0,0.4654598534107208,0
1,0.46977680921554565,0
1,0.4612717628479004,0
0,0.46100714802742004,0
1,0.45632296800613403,0
1,0.4550113379955292,0
1,0.47065994143486023,0
1,0.4730531573295593,0
1,0.4661995768547058,0
1,0.46839824318885803,0
1,0.4708501696586609,0
0,0.46911659836769104,0
0,0.4622165262699127,0
1,0.47212737798690796,0
1,0.46232378482818604,0
1,0.45665961503982544,0
1,0.46836817264556885,0
1,0.46443086862564087,0
1,0.4600805342197418,0
1,0.47387632727622986,0
1,0.45756351947784424,0
1,0.4726860523223877,0
0,0.4692758023738861,0
0,0.46743473410606384,0
0,0.4721992313861847,0
1,0.4523472487926483,0
1,0.4676674008369446,0
0,0.47381871938705444,0
0,0.47383779287338257,0
0,0.4653468132019043,0
0,0.45489591360092163,0
0,0.4559084177017212,0
0,0.46438032388687134,0
1,0.46969109773635864,0
0,0.47306931018829346,0
1,0.46085742115974426,0
1,0.4647347033023834,0
1,0.4720308184623718,0
1,0.462076872587204,0
1,0.4571165442466736,0
1,0.46555188298225403,0
1,0.4696747362613678,0
0,0.4601333439350128,0
1,0.4726611077785492,0
1,0.4683989882469177,0
0,0.4710685610771179,0
1,0.4732585549354553,0
0,0.4613174796104431,0
1,0.46839067339897156,0
1,0.47004997730255127,0
0,0.467041552066803,0
1,0.47185570001602173,0
1,0.4581325054168701,0
1,0.4550135135650635,0
1,0.4651773273944855,0
0,0.4652606248855591,0
1,0.469651460647583,0
0,0.449752539396286,0
0,0.46432557702064514,0
0,0.47071799635887146,0
0,0.47007760405540466,0
0,0.4713493883609772,0
1,0.47282811999320984,0
0,0.4708259403705597,0
0,0.4732629358768463,0
1,0.45892322063446045,0
0,0.45349159836769104,0
1,0.45647937059402466,0
1,0.4697180986404419,0
1,0.4662313461303711,0
0,0.4717103838920593,0
1,0.472751259803772,0
0,0.46955227851867676,0
1,0.4603897035121918,0
0,0.4690963923931122,0
0,0.47397297620773315,0
1,0.45889338850975037,0
1,0.4618470370769501,0
0,0.4723944067955017,0
1,0.47386208176612854,0
0,0.466512531042099,0
0,0.4702330231666565,0
0,0.4696521461009979,0
0,0.46835389733314514,0
0,0.47172296047210693,0
1,0.4739755094051361,0
0,0.47235867381095886,0
1,0.47035977244377136,0
1,0.4689539968967438,0
1,0.470040500164032,0
0,0.46913576126098633,0
0,0.46242332458496094,0
0,0.4673829674720764,0
0,0.4578419029712677,0
1,0.45219725370407104,0
0,0.46882182359695435,0
1,0.4617602527141571,0
0,0.46965834498405457,0
1,0.4603620767593384,0
1,0.4718485176563263,0
1,0.45766472816467285,0
0,0.4725976288318634,0
1,0.45806366205215454,0
1,0.4718078672885895,0
1,0.4597014784812927,0
0,0.46979138255119324,0
0,0.46566879749298096,0
1,0.46952295303344727,0
0,0.4610574245452881,0
1,0.46570220589637756,0
1,0.455988347530365,0
1,0.4726562798023224,0
1,0.47058627009391785,0
1,0.46268200874328613,0
1,0.4718611538410187,0
1,0.4531755745410919,0
0,0.47274836897850037,0
1,0.47281718254089355,0
0,0.47069746255874634,0
0,0.46716493368148804,0
1,0.4727388024330139,0
0,0.4661754369735718,0
1,0.46081286668777466,0
1,0.4681784510612488,0
0,0.4716532528400421,0
0,0.4727497696876526,0
1,0.45838791131973267,0
1,0.4733271598815918,0
1,0.4663141965866089,0
1,0.47262299060821533,0
1,0.4590311050415039,0
0,0.46859145164489746,0
0,0.45650410652160645,0
0,0.4549039900302887,0
1,0.46851712465286255,0
0,0.4710272550582886,0
1,0.4643706977367401,0
1,0.46097123622894287,0
0,0.45628151297569275,0
1,0.47297969460487366,0
1,0.4686022400856018,0
1,0.473971426486969,0
1,0.4629981517791748,0
1,0.45584166049957275,0
0,0.4706839323043823,0
1,0.46033820509910583,0
1,0.4638963043689728,0
1,0.47322168946266174,0
1,0.4724988639354706,0
1,0.4736194908618927,0
1,0.4674501419067383,0
1,0.4698328375816345,0
1,0.4700254499912262,0
0,0.45463132858276367,0
1,0.4531306326389313,0
1,0.4725463092327118,0
0,0.4594128727912903,0
0,0.4701663851737976,0
1,0.4696693420410156,0
1,0.4701758325099945,0
1,0.4737958312034607,0
0,0.47396737337112427,0
0,0.4728165864944458,0
1,0.4595644772052765,0
0,0.4720132350921631,0
0,0.4668335020542145,0
1,0.46804001927375793,0
1,0.46530357003211975,0
0,0.46879255771636963,0
1,0.47288620471954346,0
0,0.4722757935523987,0
0,0.461893767118454,0
0,0.45425382256507874,0
0,0.4733797311782837,0
0,0.4723797142505646,0
0,0.47031617164611816,0
1,0.46533384919166565,0
0,0.46442654728889465,0
0,0.45865342020988464,0
0,0.46900150179862976,0
1,0.47113126516342163,0
0,0.47251537442207336,0
1,0.4696538746356964,0
0,0.4661337435245514,0
1,0.460983544588089,0
0,0.4736948013305664,0
0,0.4709424078464508,0
1,0.45867109298706055,0
0,0.46597909927368164,0
0,0.4567771852016449,0
1,0.4691392779350281,0
0,0.47253283858299255,0
0,0.4705022871494293,0
1,0.4624437391757965,0
1,0.46896350383758545,0
0,0.45451366901397705,0
1,0.4686771035194397,0
1,0.47267308831214905,0
1,0.471112996339798,0
0,0.4661458730697632,0
0,0.45749250054359436,0
0,0.4704854190349579,0
0,0.4705178141593933,0
0,0.4716554880142212,0
1,0.4599364399909973,0
1,0.4731336832046509,0
1,0.454368531703949,0
0,0.4640023708343506,0
1,0.47154510021209717,0
1,0.46882903575897217,0
1,0.4676694869995117,0
0,0.4727292060852051,0
0,0.46965113282203674,0
1,0.4709385931491852,0
0,0.47066935896873474,0
1,0.45833897590637207,0
0,0.4700832962989807,0
1,0.4727223813533783,0
0,0.46488887071609497,0
1,0.4702569544315338,0
1,0.47307470440864563,0
1,0.4704281985759735,0
0,0.4721022844314575,0
0,0.4707876741886139,0
0,0.46079403162002563,0
0,0.45709851384162903,0
0,0.4675532877445221,0
1,0.4566979706287384,0
1,0.4725135266780853,0
1,0.47057798504829407,0
1,0.4653538465499878,0
0,0.46965333819389343,0
1,0.4738318920135498,0
1,0.46965229511260986,0
1,0.47392773628234863,0
1,0.4736071825027466,0
1,0.4729292392730713,0
0,0.47003355622291565,0
1,0.47048646211624146,0
1,0.4735376536846161,0
0,0.4560108482837677,0
1,0.4631621837615967,0
1,0.47278833389282227,0
1,0.46247243881225586,0
1,0.47259458899497986,0
1,0.4538424015045166,0
0,0.45250946283340454,0
1,0.46444058418273926,0
0,0.45056286454200745,0
0,0.4695925712585449,0
1,0.47032469511032104,0
0,0.4639136791229248,0
0,0.4545678496360779,0
0,0.46660611033439636,0
0,0.4708373546600342,0
0,0.4669111669063568,0
1,0.4726104736328125,0
0,0.4727438986301422,0
1,0.4608471095561981,0
1,0.4712550640106201,0
0,0.47061336040496826,0
0,0.4707118570804596,0
0,0.4727858901023865,0
1,0.4687577188014984,0
0,0.47031646966934204,0
1,0.4646977186203003,0
0,0.4739210903644562,0
1,0.4644075632095337,0
0,0.46548306941986084,0
0,0.4710811376571655,0
1,0.47397828102111816,0
0,0.4609072506427765,0
1,0.472694456577301,0
1,0.4707441031932831,0
1,0.4728699028491974,0
0,0.4640827178955078,0
1,0.46967828273773193,0
1,0.4719485938549042,0
0,0.47265371680259705,0
1,0.4624112546443939,0
0,0.4585633873939514,0
0,0.46705371141433716,0
0,0.4702932834625244,0
0,0.466023325920105,0
1,0.47114163637161255,0
0,0.4704146981239319,0
0,0.4707045257091522,0
0,0.4709857106208801,0
1,0.4683612585067749,0
0,0.46916940808296204,0
0,0.4583550691604614,0
1,0.469103068113327,0
0,0.46729007363319397,0
1,0.4725702106952667,0
0,0.46230635046958923,0
0,0.46772444248199463,0
0,0.47427037358283997,0
0,0.46965229511260986,0
0,0.4691578447818756,0
0,0.4545504152774811,0
0,0.473772257566452,0
1,0.4683705270290375,0
0,0.46378272771835327,0
1,0.4729130268096924,0
1,0.4723415970802307,0
1,0.46301838755607605,0
1,0.4696516990661621,0
0,0.45993781089782715,0
1,0.47034960985183716,0
0,0.469810426235199,0
1,0.46094515919685364,0
1,0.456696480512619,0
1,0.459875226020813,0
0,0.4640711545944214,0
1,0.4565359950065613,0
1,0.469643771648407,0
0,0.46952521800994873,0
0,0.4734443426132202,0
1,0.46679922938346863,0
1,0.45848336815834045,0
0,0.4696522355079651,0
1,0.4675239324569702,0
1,0.4672810435295105,0
1,0.4696499705314636,0
1,0.4693606495857239,0
1,0.4718431234359741,0
0,0.4724891483783722,0
0,0.4568031132221222,0
1,0.4729343056678772,0
1,0.46704307198524475,0
0,0.47303083539009094,0
0,0.4705883264541626,0
0,0.4705255329608917,0
1,0.4707065224647522,0
0,0.47399231791496277,0
0,0.4646308422088623,0
0,0.4614661931991577,0
0,0.47397518157958984,0
0,0.4722037613391876,0
1,0.472722589969635,0
0,0.46373242139816284,0
1,0.4709126353263855,0
1,0.4699708819389343,0
0,0.47248876094818115,0
0,0.4731752574443817,0
0,0.4655757546424866,0
0,0.46994149684906006,0
0,0.47217562794685364,0
0,0.4702179431915283,0
0,0.46484073996543884,0
0,0.46642976999282837,0
0,0.4736374020576477,0
1,0.4554372727870941,0
1,0.47150638699531555,0
1,0.47304973006248474,0
1,0.4623720943927765,0
1,0.47246721386909485,0
1,0.4730624854564667,0
1,0.4711337983608246,0
0,0.4647163450717926,0
0,0.46364375948905945,0
1,0.4571380615234375,0
1,0.46280360221862793,0
0,0.46319788694381714,0
0,0.4552145302295685,0
1,0.4722379446029663,0
0,0.4728843569755554,0
1,0.4609104096889496,0
1,0.46648451685905457,0
0,0.4654921591281891,0
0,0.4669395387172699,0
1,0.45602861046791077,0
1,0.4646925628185272,0
0,0.47312378883361816,0
1,0.4583483040332794,0
0,0.462392121553421,0
0,0.46172669529914856,0
0,0.4739454984664917,0
1,0.46963557600975037,0
0,0.4726543128490448,0
1,0.4648635685443878,0
1,0.46665748953819275,0
0,0.4578455686569214,0
1,0.47285178303718567,0
0,0.47289004921913147,0
0,0.47288423776626587,0
1,0.4696566164493561,0
1,0.47303110361099243,0
1,0.47271108627319336,0
0,0.4677765965461731,0
0,0.47166216373443604,0
1,0.4557744562625885,0
0,0.47063010931015015,0
0,0.47008487582206726,0
0,0.45603838562965393,0
1,0.46969178318977356,0
0,0.4690379202365875,0
0,0.4724152684211731,0
1,0.4634166657924652,0
1,0.46569713950157166,0
1,0.4696427285671234,0
1,0.4727889895439148,0
1,0.47146961092948914,0
0,0.4694565236568451,0
1,0.457872211933136,0
1,0.4682835638523102,0
0,0.47034770250320435,0
0,0.4696587026119232,0
1,0.4710659086704254,0
0,0.45561692118644714,0
1,0.4673912823200226,0
1,0.4551441967487335,0
1,0.4737232029438019,0
0,0.46207529306411743,0
1,0.4722580909729004,0
0,0.47170311212539673,0
0,0.47354423999786377,0
1,0.47232168912887573,0
0,0.46921664476394653,0
1,0.4560820758342743,0
1,0.4615130126476288,0
1,0.4705476760864258,0
1,0.4698847532272339,0
1,0.46085619926452637,0
0,0.4718364179134369,0
1,0.46770191192626953,0
0,0.46847954392433167,0
1,0.46723759174346924,0
0,0.4607924222946167,0
1,0.470565527677536,0
1,0.47387900948524475,0
1,0.47158050537109375,0
0,0.4608321189880371,0
1,0.45490843057632446,0
1,0.4632610082626343,0
1,0.4662438929080963,0
1,0.45591023564338684,0
0,0.47045353055000305,0
1,0.4585823118686676,0
0,0.46379318833351135,0
1,0.4739645719528198,0
1,0.4718194305896759,0
0,0.4729764461517334,0
0,0.4546690583229065,0
0,0.4708150625228882,0
1,0.4654279947280884,0
1,0.45766642689704895,0
1,0.46660324931144714,0
1,0.4676292836666107,0
0,0.46973150968551636,0
0,0.4709901511669159,0
0,0.45657098293304443,0
1,0.47395604848861694,0
0,0.469576895236969,0
0,0.46935614943504333,0
1,0.4636290967464447,0
0,0.4644888937473297,0
0,0.47058945894241333,0
1,0.4711431562900543,0
1,0.46827462315559387,0
1,0.4727674424648285,0
1,0.4697485566139221,0
1,0.4620738625526428,0
1,0.4713514745235443,0
1,0.4726918637752533,0
1,0.4729538857936859,0
0,0.4698812663555145,0
0,0.4674927592277527,0
1,0.46804434061050415,0
1,0.47099149227142334,0
0,0.4658835530281067,0
1,0.4720248281955719,0
0,0.47063249349594116,0
0,0.465384304523468,0
0,0.45247793197631836,0
1,0.47218120098114014,0
1,0.4726448059082031,0
1,0.4704287350177765,0
1,0.4689166843891144,0
1,0.47370293736457825,0
0,0.4718669354915619,0
1,0.472699910402298,0
0,0.47397056221961975,0
0,0.47138673067092896,0
0,0.4737032353878021,0
0,0.4607384502887726,0
1,0.4725562036037445,0
1,0.46966713666915894,0
0,0.47181668877601624,0
1,0.471783310174942,0
0,0.47235625982284546,0
1,0.47052985429763794,0
1,0.47243601083755493,0
1,0.4609144628047943,0
1,0.4714907109737396,0
1,0.4731473922729492,0
0,0.470825731754303,0
1,0.46125346422195435,0
1,0.47147268056869507,0
0,0.47258856892585754,0
1,0.46964535117149353,0
1,0.4603790044784546,0
0,0.47001439332962036,0
1,0.47279366850852966,0
1,0.4724826514720917,0
1,0.4548167884349823,0
1,0.47329699993133545,0
1,0.46339163184165955,0
1,0.46080559492111206,0
0,0.4690391719341278,0
0,0.473970890045166,0
1,0.4604385197162628,0
0,0.4550577700138092,0
1,0.46862900257110596,0
1,0.4622942805290222,0
1,0.47264182567596436,0
1,0.46347078680992126,0
1,0.4652520418167114,0
1,0.46934106945991516,0
0,0.46385762095451355,0
1,0.4697665572166443,0
1,0.46475282311439514,0
1,0.4714237153530121,0
0,0.4733032286167145,0
1,0.4666764438152313,0
0,0.470064252614975,0
1,0.4706442058086395,0
0,0.46650588512420654,0
0,0.46221020817756653,0
0,0.46964555978775024,0
0,0.46836110949516296,0
0,0.45668065547943115,0
1,0.46515676379203796,0
0,0.4688411056995392,0
0,0.47376200556755066,0
0,0.46994298696517944,0
0,0.4739096164703369,0
0,0.46172821521759033,0
1,0.46061503887176514,0
1,0.46964702010154724,0
1,0.4607521891593933,0
0,0.47312453389167786,0
0,0.46353185176849365,0
0,0.4715992212295532,0
0,0.4729650914669037,0
1,0.47275829315185547,0
1,0.46534624695777893,0
0,0.4739232361316681,0
0,0.4563494324684143,0
0,0.4726139307022095,0
0,0.47088128328323364,0
1,0.47202932834625244,0
1,0.47286882996559143,0
1,0.4690556526184082,0
0,0.46936166286468506,0
1,0.4739499092102051,0
1,0.4660034477710724,0
0,0.4713338315486908,0
1,0.46488437056541443,0
0,0.47386518120765686,0
1,0.4729146957397461,0
1,0.47156527638435364,0
1,0.4516376852989197,0
0,0.4675663709640503,0
0,0.4687677323818207,0
1,0.47264599800109863,0
1,0.4687559902667999,0
0,0.4646236002445221,0
0,0.4584977924823761,0
1,0.47301676869392395,0
1,0.46915796399116516,0
0,0.47250425815582275,0
0,0.4601137638092041,0
0,0.46902328729629517,0
1,0.45821821689605713,0
1,0.4646332561969757,0
0,0.46960344910621643,0
1,0.46982115507125854,0
0,0.46026411652565,0
1,0.4673348367214203,0
0,0.4545457363128662,0
0,0.4614323377609253,0
1,0.4667268693447113,0
1,0.47009050846099854,0
0,0.4629846215248108,0
0,0.47294795513153076,0
1,0.46500831842422485,0
0,0.4724108576774597,0
1,0.47069767117500305,0
1,0.4630676805973053,0
0,0.46965304017066956,0
0,0.47397559881210327,0
0,0.4693112373352051,0
1,0.47109851241111755,0
0,0.46642017364501953,0
0,0.4598793089389801,0
0,0.47077733278274536,0
0,0.47102823853492737,0
1,0.46734464168548584,0
1,0.46382880210876465,0
1,0.47276169061660767,0
1,0.46270304918289185,0
1,0.4561765193939209,0
0,0.4664275348186493,0
1,0.47305378317832947,0
0,0.4654935896396637,0
1,0.4602319896221161,0
1,0.4643913805484772,0
1,0.4659746587276459,0
1,0.47121816873550415,0
1,0.4682258665561676,0
0,0.45877423882484436,0
0,0.4718487858772278,0
0,0.4561684727668762,0
0,0.46679943799972534,0
0,0.4724086821079254,0
0,0.4608536660671234,0
0,0.46897435188293457,0
0,0.4723416268825531,0
1,0.4675990343093872,0
1,0.46920162439346313,0
1,0.4601495862007141,0
0,0.46891677379608154,0
0,0.46972864866256714,0
0,0.4532947242259979,0
1,0.4737032353878021,0
0,0.4696696996688843,0
1,0.46558040380477905,0
0,0.466884970664978,0
0,0.4727627635002136,0
0,0.46983715891838074,0
1,0.46929702162742615,0
1,0.46965304017066956,0
1,0.46880683302879333,0
0,0.4709526300430298,0
1,0.4643789231777191,0
0,0.47120970487594604,0
0,0.46970489621162415,0
0,0.46959182620048523,0
0,0.46489793062210083,0
0,0.4730653166770935,0
0,0.4602260887622833,0
0,0.46971413493156433,0
0,0.4690566956996918,0
1,0.46705299615859985,0
0,0.45723026990890503,0
1,0.4649243652820587,0
0,0.47270309925079346,0
1,0.47272589802742004,0
0,0.4679991602897644,0
1,0.46064165234565735,0
1,0.4694753885269165,0
0,0.4704299867153168,0
1,0.4643338918685913,0
0,0.46937909722328186,0
1,0.4725966155529022,0
1,0.46253466606140137,0
0,0.4693864583969116,0
1,0.4559348225593567,0
1,0.4651714563369751,0
0,0.45965346693992615,0
1,0.469641774892807,0
0,0.46305274963378906,0
1,0.463540643453598,0
1,0.46393755078315735,0
1,0.46793097257614136,0
1,0.4493124783039093,0
1,0.4729973375797272,0
1,0.47110918164253235,0
0,0.4726605713367462,0
0,0.47167840600013733,0
0,0.4724927544593811,0
0,0.46724560856819153,0
1,0.46955418586730957,0
1,0.4702455997467041,0
0,0.47339630126953125,0
1,0.4705278277397156,0
1,0.472796767950058,0
1,0.46547985076904297,0
0,0.46969151496887207,0
0,0.4579789340496063,0
0,0.4664555490016937,0
0,0.4735240340232849,0
0,0.47255194187164307,0
0,0.4590343236923218,0
1,0.4724767804145813,0
0,0.4635585844516754,0
0,0.46463075280189514,0
0,0.4559016525745392,0
1,0.4735153615474701,0
1,0.47020500898361206,0
0,0.4614598751068115,0
0,0.47398480772972107,0
1,0.47010278701782227,0
1,0.47171255946159363,0
1,0.4721432030200958,0
1,0.47273504734039307,0
1,0.464245080947876,0
1,0.4632399380207062,0
0,0.4557204246520996,0
0,0.4694593846797943,0
1,0.4732825756072998,0
1,0.4606826901435852,0
0,0.47211021184921265,0
1,0.4618096649646759,0
1,0.46163633465766907,0
0,0.4686330258846283,0
1,0.4609622657299042,0
1,0.4696485996246338,0
1,0.4620331823825836,0
0,0.45837944746017456,0
0,0.4730967879295349,0
1,0.45640844106674194,0
0,0.4722748398780823,0
0,0.4646623134613037,0
1,0.4609130322933197,0
0,0.46622151136398315,0
0,0.46015414595603943,0
1,0.458225816488266,0
0,0.469268798828125,0
1,0.4662701189517975,0
1,0.47242656350135803,0
1,0.4638666808605194,0
0,0.4730147421360016,0
1,0.47281157970428467,0
1,0.4696578085422516,0
1,0.4695592224597931,0
0,0.46629366278648376,0
0,0.4732760488986969,0
1,0.47055381536483765,0
0,0.4697539806365967,0
1,0.4704451560974121,0
0,0.4579920470714569,0
1,0.4699022173881531,0
1,0.4727509319782257,0
1,0.47275179624557495,0
1,0.46915489435195923,0
1,0.4727364480495453,0
0,0.46411579847335815,0
1,0.46170422434806824,0
1,0.47235599160194397,0
1,0.47325021028518677,0
1,0.45332348346710205,0
1,0.4721107482910156,0
1,0.46896785497665405,0
1,0.4711015820503235,0
0,0.4731241762638092,0
1,0.47181928157806396,0
1,0.4645031988620758,0
0,0.4696592390537262,0
0,0.4700687527656555,0
0,0.45977774262428284,0
0,0.4658318758010864,0
1,0.467056542634964,0
0,0.46581369638442993,0
1,0.45477408170700073,0
1,0.4686429798603058,0
1,0.46405407786369324,0
1,0.4727805256843567,0
1,0.47280752658843994,0
1,0.4659268260002136,0
1,0.45234188437461853,0
0,0.47025835514068604,0
0,0.46067190170288086,0
0,0.46339869499206543,0
0,0.46537914872169495,0
1,0.46800270676612854,0
1,0.4699920415878296,0
0,0.4586215317249298,0
1,0.45748934149742126,0
0,0.4702252745628357,0
0,0.45797163248062134,0
1,0.4726495146751404,0
1,0.4586970806121826,0
1,0.4711982011795044,0
0,0.470365434885025,0
1,0.4726291596889496,0
1,0.4629361629486084,0
1,0.45847395062446594,0
1,0.471042275428772,0
0,0.4723156690597534,0
1,0.4560059607028961,0
0,0.4703577160835266,0
0,0.4664674401283264,0
1,0.47216904163360596,0
1,0.47052067518234253,0
0,0.4696292579174042,0
1,0.4734456241130829,0
1,0.4558984339237213,0
0,0.4628152549266815,0
1,0.46233439445495605,0
1,0.4727616012096405,0
0,0.4689113199710846,0
0,0.4684324562549591,0
1,0.4736652672290802,0
1,0.4606303870677948,0
1,0.45877715945243835,0
1,0.47219815850257874,0
0,0.4738217294216156,0
0,0.455290287733078,0
1,0.4737810492515564,0
0,0.4625377058982849,0
1,0.4696519672870636,0
1,0.47325289249420166,0
0,0.45939379930496216,0
0,0.47004562616348267,0
1,0.4727930426597595,0
1,0.4715447723865509,0
1,0.46885818243026733,0
1,0.4696618616580963,0
1,0.47276872396469116,0
1,0.4725731909275055,0
1,0.4646355211734772,0
0,0.4712390899658203,0
1,0.4705955684185028,0
0,0.4703950583934784,0
0,0.4692334234714508,0
1,0.4703473746776581,0
0,0.46123287081718445,0
0,0.46977975964546204,0
0,0.46413496136665344,0
1,0.4508610963821411,0
0,0.45337167382240295,0
1,0.4698644280433655,0
0,0.4727497696876526,0
1,0.47389400005340576,0
0,0.4696556627750397,0
0,0.47441956400871277,0
1,0.4731977880001068,0
0,0.45990145206451416,0
0,0.46954262256622314,0
0,0.4725165069103241,0
1,0.4701143205165863,0
1,0.4696471393108368,0
1,0.4666327238082886,0
1,0.46965622901916504,0
0,0.460903525352478,0
1,0.46433982253074646,0
0,0.47206100821495056,0
1,0.4737304151058197,0
0,0.4601767063140869,0
1,0.46601274609565735,0
1,0.4722452759742737,0
1,0.4737897217273712,0
1,0.45726215839385986,0
0,0.4558398723602295,0
0,0.46104973554611206,0
1,0.4626750648021698,0
1,0.466325581073761,0
0,0.46924465894699097,0
1,0.470439612865448,0
0,0.4692402482032776,0
0,0.4687575697898865,0
1,0.4621392786502838,0
0,0.46436917781829834,0
1,0.4724958837032318,0
0,0.4716548025608063,0
0,0.4629366397857666,0
1,0.4583165943622589,0
1,0.47293153405189514,0
0,0.47243672609329224,0
0,0.46445509791374207,0
1,0.4712848365306854,0
1,0.4711499512195587,0
0,0.4712965786457062,0
1,0.462422251701355,0
0,0.4580862820148468,0
1,0.4658171832561493,0
1,0.47282278537750244,0
1,0.46997472643852234,0
0,0.46507278084754944,0
0,0.45648959279060364,0
0,0.4667278528213501,0
1,0.47084158658981323,0
1,0.4646246135234833,0
1,0.47304990887641907,0
1,0.45623114705085754,0
1,0.46036455035209656,0
0,0.4645005166530609,0
1,0.46946799755096436,0
1,0.4547412395477295,0
1,0.4706011116504669,0
1,0.46803155541419983,0
0,0.4661980867385864,0
0,0.4607030749320984,0
0,0.4526509940624237,0
1,0.4677106738090515,0
1,0.4727960228919983,0
1,0.46922239661216736,0
0,0.47329679131507874,0
1,0.45722249150276184,0
1,0.47320911288261414,0
0,0.46965596079826355,0
0,0.4552370607852936,0
1,0.46957096457481384,0
1,0.4591709077358246,0
0,0.45670321583747864,0
1,0.46922293305397034,0
1,0.47059911489486694,0
0,0.4647078514099121,0
0,0.4562954604625702,0
1,0.4730677604675293,0
0,0.47262752056121826,0
0,0.47267159819602966,0
0,0.4689348638057709,0
0,0.4703710675239563,0
0,0.46953505277633667,0
1,0.4567180573940277,0
1,0.4719235301017761,0
1,0.4650464355945587,0
1,0.4674355685710907,0
0,0.4684540331363678,0
1,0.45399022102355957,0
1,0.4551372826099396,0
0,0.46614232659339905,0
1,0.4637823700904846,0
0,0.470168799161911,0
0,0.47173988819122314,0
0,0.4624590575695038,0
1,0.4567843973636627,0
1,0.4638398289680481,0
0,0.47088858485221863,0
0,0.46808841824531555,0
0,0.45761677622795105,0
0,0.469022274017334,0
0,0.4694831371307373,0
1,0.47089752554893494,0
1,0.4714627265930176,0
0,0.464817613363266,0
1,0.4653417766094208,0
1,0.4600500464439392,0
1,0.45336073637008667,0
0,0.4719648063182831,0
0,0.4642995595932007,0
1,0.4658992886543274,0
0,0.4630204439163208,0
0,0.46182119846343994,0
1,0.46666988730430603,0
0,0.4708000421524048,0
0,0.471611887216568,0
0,0.4735281467437744,0
1,0.4727151393890381,0
0,0.47050008177757263,0
0,0.47281402349472046,0
1,0.4722611606121063,0
0,0.4717780351638794,0
0,0.4642815887928009,0
1,0.469973087310791,0
1,0.4627501964569092,0
1,0.4711631238460541,0
1,0.4726327955722809,0
0,0.4621150493621826,0
0,0.47169229388237,0
1,0.46292465925216675,0
0,0.4704572260379791,0
1,0.4716477394104004,0
1,0.45632871985435486,0
0,0.46435990929603577,0
0,0.46191737055778503,0
0,0.454658180475235,0
1,0.46353769302368164,0
1,0.4574611485004425,0
1,0.4739622175693512,0
0,0.46551159024238586,0
0,0.4713456332683563,0
0,0.4701586961746216,0
1,0.4690134823322296,0
1,0.47275009751319885,0
0,0.4696826934814453,0
1,0.4702420234680176,0
0,0.471453458070755,0
0,0.464975506067276,0
1,0.45506954193115234,0
0,0.46518465876579285,0
1,0.47229504585266113,0
0,0.4600164592266083,0
0,0.46976402401924133,0
0,0.47153788805007935,0
1,0.466511070728302,0
1,0.4723605215549469,0
0,0.4691016972064972,0
0,0.4688158333301544,0
1,0.4696374535560608,0
0,0.46472296118736267,0
1,0.4707018733024597,0
0,0.4725364148616791,0
1,0.4511244297027588,0
0,0.46752679347991943,0
1,0.46884235739707947,0
1,0.4736880362033844,0
0,0.465741902589798,0
1,0.47047871351242065,0
0,0.4720214307308197,0
1,0.47338855266571045,0
1,0.47146737575531006,0
0,0.4697975218296051,0
0,0.46410083770751953,0
1,0.4657851457595825,0
1,0.4692161977291107,0
1,0.4698144197463989,0
0,0.4639216959476471,0
1,0.47092190384864807,0
1,0.45277369022369385,0
0,0.4693808853626251,0
1,0.46550309658050537,0
1,0.4650058150291443,0
0,0.4724646508693695,0
1,0.46102389693260193,0
0,0.46721386909484863,0
1,0.45399150252342224,0
1,0.47049692273139954,0
1,0.472278356552124,0
1,0.46084511280059814,0
1,0.4696780741214752,0
0,0.4694080948829651,0
0,0.46125075221061707,0
0,0.4698159992694855,0
0,0.473744660615921,0
1,0.4696950912475586,0
1,0.46199551224708557,0
1,0.4727287292480469,0
1,0.45598334074020386,0
0,0.460886687040329,0
1,0.4713379144668579,0
0,0.4716428816318512,0
0,0.4726422131061554,0
0,0.46965861320495605,0
1,0.4721129238605499,0
0,0.4635835289955139,0
0,0.47317931056022644,0
0,0.4643694758415222,0
0,0.4612511098384857,0
0,0.4681769907474518,0
0,0.4710899293422699,0
0,0.4585079252719879,0
0,0.46966713666915894,0
0,0.4591638147830963,0
0,0.4620686173439026,0
0,0.46051889657974243,0
1,0.4700438678264618,0
0,0.47227218747138977,0
0,0.46963316202163696,0
0,0.46254241466522217,0
1,0.47166907787323,0
1,0.4612099230289459,0
0,0.4533156454563141,0
0,0.4722200036048889,0
1,0.47276267409324646,0
0,0.4700692594051361,0
0,0.4727288782596588,0
1,0.46278977394104004,0
0,0.4721178114414215,0
0,0.4696590304374695,0
1,0.46032270789146423,0
1,0.4655596911907196,0
0,0.4692106544971466,0
1,0.4654885232448578,0
1,0.4668750762939453,0
0,0.47207513451576233,0
0,0.4602871537208557,0
0,0.46493828296661377,0
1,0.4717043936252594,0
0,0.46550774574279785,0
0,0.4711540639400482,0
0,0.46450114250183105,0
1,0.47263747453689575,0
1,0.47219881415367126,0
0,0.4655417501926422,0
0,0.4698929488658905,0
0,0.4711020886898041,0
1,0.466815322637558,0
0,0.46997857093811035,0
0,0.47295746207237244,0
1,0.46361473202705383,0
0,0.45553353428840637,0
0,0.4743190109729767,0
0,0.4560014009475708,0
0,0.47077301144599915,0
1,0.47282353043556213,0
1,0.46937069296836853,0
1,0.45854702591896057,0
0,0.4660768508911133,0
0,0.4645084738731384,0
1,0.4651561379432678,0
0,0.47034865617752075,0
1,0.4643442928791046,0
1,0.46688786149024963,0
1,0.459290087223053,0
1,0.45650672912597656,0
1,0.47287705540657043,0
0,0.46400997042655945,0
1,0.4555813670158386,0
0,0.466353178024292,0
1,0.4653705656528473,0
0,0.4723092019557953,0
0,0.4696577191352844,0
1,0.472206711769104,0
0,0.4675804376602173,0
0,0.471309095621109,0
0,0.4714326858520508,0
1,0.4656049609184265,0
1,0.466328501701355,0
1,0.4700981378555298,0
0,0.45998239517211914,0
1,0.46628639101982117,0
1,0.4703418016433716,0
0,0.47091951966285706,0
0,0.4723718464374542,0
0,0.4640584886074066,0
1,0.47358307242393494,0
0,0.4651928246021271,0
0,0.46562546491622925,0
1,0.46821632981300354,0
1,0.47014692425727844,0
0,0.4632730782032013,0
0,0.4570692181587219,0
1,0.46583274006843567,0
0,0.45624488592147827,0
1,0.465791255235672,0
1,0.47267037630081177,0
0,0.4643515944480896,0
1,0.46979716420173645,0
1,0.47226834297180176,0
0,0.4530242383480072,0
1,0.4714623987674713,0
0,0.45494920015335083,0
0,0.4693756699562073,0
1,0.4697228670120239,0
1,0.47256162762641907,0
1,0.4686014652252197,0
0,0.46983009576797485,0
0,0.47216519713401794,0
1,0.47225436568260193,0
0,0.46623653173446655,0
1,0.47201865911483765,0
1,0.47110792994499207,0
0,0.47147077322006226,0
1,0.4618978500366211,0
1,0.45307859778404236,0
1,0.4727585017681122,0
1,0.4705028235912323,0
1,0.46320903301239014,0
1,0.4696977436542511,0
1,0.47422125935554504,0
0,0.472319096326828,0
0,0.4727451801300049,0
1,0.4713118374347687,0
0,0.464952290058136,0
1,0.47099149227142334,0
0,0.46449846029281616,0
1,0.4727381467819214,0
1,0.4697081446647644,0
1,0.4730130434036255,0
0,0.47072818875312805,0
1,0.4721600115299225,0
0,0.4696527123451233,0
1,0.4654031991958618,0
0,0.45795515179634094,0
0,0.4726282060146332,0
1,0.4729180932044983,0
0,0.47048619389533997,0
0,0.4617871940135956,0
0,0.4621073007583618,0
0,0.4702480435371399,0
1,0.47280529141426086,0
0,0.4728008210659027,0
0,0.4564506411552429,0
1,0.46733951568603516,0
1,0.4704529941082001,0
1,0.45255225896835327,0
0,0.4667138457298279,0
0,0.4674825668334961,0
0,0.4685017466545105,0
1,0.47202807664871216,0
0,0.47151467204093933,0
1,0.4720156788825989,0
1,0.4741746187210083,0
1,0.4548768699169159,0
0,0.4699326455593109,0
1,0.46852585673332214,0
0,0.46368125081062317,0
1,0.4629853367805481,0
1,0.4715152084827423,0
1,0.4727649986743927,0
1,0.46433010697364807,0
0,0.46907684206962585,0
1,0.4581505358219147,0
1,0.4723052680492401,0
1,0.470787912607193,0
0,0.4718610644340515,0
0,0.46149593591690063,0
0,0.4648151993751526,0
0,0.4581287205219269,0
1,0.4737201929092407,0
0,0.4541420638561249,0
0,0.4548700451850891,0
0,0.4660748839378357,0
1,0.4643481969833374,0
0,0.4516434669494629,0
0,0.4631507098674774,0
0,0.46381139755249023,0
0,0.47141969203948975,0
1,0.4698142111301422,0
1,0.46995022892951965,0
1,0.46556356549263,0
1,0.4562705159187317,0
1,0.45634934306144714,0
0,0.4707130789756775,0
0,0.4677070677280426,0
0,0.46495434641838074,0
1,0.4619803726673126,0
1,0.4739840626716614,0
1,0.4631643295288086,0
1,0.4553987383842468,0
0,0.4620722234249115,0
1,0.471911758184433,0
0,0.46855199337005615,0
0,0.4702645242214203,0
1,0.4700092077255249,0
1,0.4557722210884094,0
0,0.47064679861068726,0
0,0.46256664395332336,0
0,0.46915575861930847,0
1,0.4702131450176239,0
0,0.45615437626838684,0
0,0.4711196720600128,0
1,0.4580865502357483,0
0,0.46948227286338806,0
1,0.4608229398727417,0
1,0.45298802852630615,0
0,0.4653184413909912,0
0,0.46659737825393677,0
1,0.4653906226158142,0
0,0.4554973542690277,0
1,0.46541208028793335,0
0,0.4688655734062195,0
0,0.4574112594127655,0
1,0.46617311239242554,0
0,0.4707178771495819,0
1,0.47393330931663513,0
0,0.46981221437454224,0
0,0.4728822708129883,0
1,0.47235989570617676,0
0,0.46822866797447205,0
1,0.4728768765926361,0
1,0.46558982133865356,0
1,0.46406233310699463,0
0,0.4699033796787262,0
0,0.47217318415641785,0
1,0.47028788924217224,0
1,0.4684374928474426,0
0,0.46828916668891907,0
0,0.46287041902542114,0
1,0.4727514684200287,0
0,0.47210487723350525,0
1,0.46448734402656555,0
0,0.4520343244075775,0
0,0.45614680647850037,0
0,0.4721129238605499,0
1,0.4701888859272003,0
0,0.4598126709461212,0
0,0.46543532609939575,0
1,0.47268763184547424,0
1,0.46991676092147827,0
1,0.46402043104171753,0
0,0.4721619784832001,0
1,0.4608546793460846,0
1,0.46525266766548157,0
1,0.4738849997520447,0
1,0.4732574224472046,0
0,0.45424363017082214,0
1,0.4569736123085022,0
0,0.46432068943977356,0
0,0.47271662950515747,0
1,0.4696521759033203,0
1,0.4662960469722748,0
1,0.47279447317123413,0
1,0.4704209268093109,0
1,0.46071770787239075,0
0,0.46665316820144653,0
1,0.4730551838874817,0
1,0.46819406747817993,0
0,0.46823373436927795,0
0,0.4646257162094116,0
1,0.4674730896949768,0
0,0.4691165089607239,0
1,0.46889302134513855,0
0,0.46457090973854065,0
1,0.4535197615623474,0
1,0.4672697186470032,0
1,0.4727521240711212,0
0,0.4714002013206482,0
0,0.47316378355026245,0
0,0.46322768926620483,0
0,0.4725753664970398,0
0,0.472936749458313,0
0,0.45707133412361145,0
0,0.4690335690975189,0
0,0.46449095010757446,0
0,0.47029122710227966,0
1,0.4668216109275818,0
1,0.4719994366168976,0
1,0.46220335364341736,0
1,0.4727718234062195,0
1,0.46042871475219727,0
0,0.45406094193458557,0
0,0.46582505106925964,0
0,0.4707585871219635,0
1,0.47288498282432556,0
1,0.46039000153541565,0
0,0.4664333462715149,0
1,0.4705076813697815,0
1,0.47006216645240784,0
1,0.46646353602409363,0
1,0.47422534227371216,0
1,0.4638665020465851,0
0,0.47078758478164673,0
0,0.46755561232566833,0
1,0.4644094705581665,0
0,0.47274112701416016,0
1,0.46599897742271423,0
1,0.47308528423309326,0
0,0.4730204939842224,0
0,0.47242826223373413,0
1,0.47153913974761963,0
0,0.472746878862381,0
1,0.4626336395740509,0
0,0.47246167063713074,0
0,0.4639756977558136,0
1,0.47314900159835815,0
0,0.4734029173851013,0
0,0.46965324878692627,0
1,0.46860066056251526,0
1,0.4547334611415863,0
1,0.46976980566978455,0
0,0.46979716420173645,0
1,0.47125962376594543,0
0,0.4737078547477722,0
0,0.4659605622291565,0
1,0.46965113282203674,0
1,0.4727350175380707,0
0,0.4541096091270447,0
0,0.4683482050895691,0
1,0.4587836265563965,0
1,0.46094727516174316,0
0,0.4715135097503662,0
0,0.45723775029182434,0
0,0.46530279517173767,0
1,0.4699673652648926,0
0,0.4722083806991577,0
0,0.4657576382160187,0
1,0.46693122386932373,0
1,0.46260085701942444,0
0,0.46893879771232605,0
1,0.47319692373275757,0
1,0.46391287446022034,0
1,0.46018633246421814,0
0,0.47202810645103455,0
1,0.4730342626571655,0
0,0.46477481722831726,0
0,0.46301165223121643,0
1,0.47298187017440796,0
1,0.47397133708000183,0
1,0.454657644033432,0
1,0.4683888256549835,0
1,0.4517599642276764,0
0,0.4586094617843628,0
1,0.4563409984111786,0
0,0.46556252241134644,0
1,0.4660215675830841,0
1,0.4617350697517395,0
1,0.46967652440071106,0
0,0.47254523634910583,0
0,0.4565277397632599,0
1,0.4701688587665558,0
1,0.470989465713501,0
1,0.4724263846874237,0
0,0.4701918959617615,0
0,0.46810340881347656,0
0,0.4711248576641083,0
1,0.4633673429489136,0
0,0.4701620638370514,0
0,0.46738380193710327,0
0,0.4719201922416687,0
0,0.47178250551223755,0
0,0.45701873302459717,0
1,0.47105976939201355,0
1,0.465941846370697,0
1,0.47304126620292664,0
0,0.4678153693675995,0
1,0.47234833240509033,0
0,0.46981021761894226,0
0,0.47373881936073303,0
0,0.46332332491874695,0
1,0.462646484375,0
0,0.4636399447917938,0
0,0.4739903509616852,0
1,0.4725075364112854,0
0,0.4660724997520447,0
1,0.45833227038383484,0
1,0.4667682647705078,0
1,0.43570664525032043,0
0,0.46900907158851624,0
0,0.4736919105052948,0
0,0.46966543793678284,0
1,0.460962176322937,0
0,0.4651585519313812,0
1,0.4697711765766144,0
1,0.47059309482574463,0
0,0.4711971580982208,0
0,0.45547178387641907,0
0,0.4730502665042877,0
1,0.46127232909202576,0
1,0.4731702506542206,0
0,0.46029728651046753,0
1,0.47003376483917236,0
1,0.46527305245399475,0
1,0.4704095125198364,0
1,0.4536866545677185,0
0,0.46966689825057983,0
0,0.46916088461875916,0
1,0.4711097180843353,0
0,0.4705986976623535,0
1,0.46188023686408997,0
1,0.46620824933052063,0
1,0.47264811396598816,0
0,0.4697093069553375,0
1,0.4706304669380188,0
0,0.4532656967639923,0
1,0.4731959104537964,0
1,0.4662008285522461,0
1,0.47002121806144714,0
0,0.4577256143093109,0
1,0.47049105167388916,0
0,0.4737110435962677,0
1,0.4538380801677704,0
0,0.4520534574985504,0
0,0.47274962067604065,0
0,0.47336214780807495,0
0,0.47190192341804504,0
0,0.47395482659339905,0
0,0.4654775857925415,0
0,0.4572564959526062,0
0,0.45755407214164734,0
0,0.47228455543518066,0
1,0.4695405066013336,0
0,0.47153958678245544,0
0,0.4613282382488251,0
1,0.46839699149131775,0
0,0.4552401304244995,0
1,0.4730476438999176,0
1,0.46964988112449646,0
1,0.46129241585731506,0
0,0.45252275466918945,0
1,0.46194592118263245,0
1,0.47278329730033875,0
0,0.46983274817466736,0
1,0.45953691005706787,0
1,0.4663202166557312,0
1,0.4729299247264862,0
0,0.464504212141037,0
1,0.4692419767379761,0
1,0.45682042837142944,0
0,0.4709150791168213,0
0,0.46970194578170776,0
0,0.45384716987609863,0
0,0.47253885865211487,0
1,0.4646204113960266,0
1,0.4654298424720764,0
1,0.46748876571655273,0
1,0.4720059037208557,0
0,0.4687718152999878,0
0,0.4720407724380493,0
1,0.4730989336967468,0
0,0.462086021900177,0
1,0.47173812985420227,0
0,0.4728171229362488,0
1,0.47154688835144043,0
1,0.46074575185775757,0
1,0.4609023928642273,0
1,0.47052446007728577,0
1,0.4660768508911133,0
1,0.4654725193977356,0
0,0.4638383686542511,0
1,0.4703826606273651,0
1,0.4714010953903198,0
1,0.4614083170890808,0
0,0.4716569781303406,0
0,0.4702555239200592,0
0,0.4644377529621124,0
1,0.4736117124557495,0
1,0.467087984085083,0
1,0.4712434411048889,0
1,0.47282981872558594,0
0,0.44756218791007996,0
1,0.4720779359340668,0
0,0.4709787964820862,0
1,0.47292301058769226,0
0,0.4630177915096283,0
1,0.469825804233551,0
1,0.46156805753707886,0
0,0.45606133341789246,0
1,0.46535491943359375,0
1,0.45247939229011536,0
0,0.45585790276527405,0
0,0.4701026678085327,0
1,0.45807161927223206,0
0,0.45793214440345764,0
1,0.46461865305900574,0
0,0.45824089646339417,0
0,0.47396498918533325,0
0,0.4709327816963196,0
0,0.47397369146347046,0
1,0.45893970131874084,0
1,0.4471217095851898,0
0,0.4717220664024353,0
0,0.46431252360343933,0
1,0.4708198308944702,0
1,0.4643859267234802,0
1,0.4591848850250244,0
0,0.45437631011009216,0
1,0.4531346559524536,0
1,0.45653700828552246,0
0,0.47391101717948914,0
1,0.45683857798576355,0
1,0.45212799310684204,0
0,0.47372838854789734,0
1,0.4507421851158142,0
0,0.4644158184528351,0
1,0.46965861320495605,0
1,0.4695676267147064,0
0,0.4673759639263153,0
1,0.473438560962677,0
1,0.4701305031776428,0
1,0.47397443652153015,0
0,0.4638844430446625,0
0,0.4725584387779236,0
1,0.45416563749313354,0
1,0.4734295904636383,0
0,0.4699541926383972,0
0,0.45755428075790405,0
1,0.47056615352630615,0
1,0.4613904356956482,0
1,0.45442435145378113,0
0,0.45496833324432373,0
1,0.4730477035045624,0
0,0.4628918766975403,0
1,0.45482611656188965,0
1,0.4705254137516022,0
1,0.468656063079834,0
1,0.4688657224178314,0
0,0.46102166175842285,0
0,0.4724622070789337,0
0,0.47244346141815186,0
1,0.47352078557014465,0
0,0.45731356739997864,0
0,0.472732275724411,0
0,0.46975886821746826,0
0,0.47271597385406494,0
1,0.46945154666900635,0
0,0.4711313247680664,0
1,0.4671153128147125,0
0,0.47209957242012024,0
1,0.4618256092071533,0
0,0.47323495149612427,0
0,0.46365582942962646,0
1,0.4619480073451996,0
1,0.4522223174571991,0
0,0.47362130880355835,0
0,0.4729129672050476,0
1,0.466919481754303,0
0,0.46838048100471497,0
0,0.4727385342121124,0
1,0.469694584608078,0
1,0.46473246812820435,0
0,0.47091665863990784,0
1,0.46396583318710327,0
0,0.4740919768810272,0
0,0.4726882874965668,0
0,0.4698222279548645,0
1,0.4686047434806824,0
1,0.46603554487228394,0
0,0.46461156010627747,0
1,0.47247061133384705,0
0,0.469978928565979,0
1,0.46291592717170715,0
0,0.4651152193546295,0
1,0.4665256142616272,0
1,0.47265270352363586,0
0,0.46965304017066956,0
1,0.4709041714668274,0
1,0.46946409344673157,0
0,0.46737733483314514,0
0,0.4696512520313263,0
1,0.47390806674957275,0
1,0.4534725844860077,0
1,0.47315624356269836,0
0,0.463250070810318,0
1,0.4705478549003601,0
1,0.47268640995025635,0
0,0.47389838099479675,0
1,0.47051000595092773,0
1,0.47267740964889526,0
0,0.4725530743598938,0
1,0.46964213252067566,0
0,0.4721691310405731,0
0,0.46748244762420654,0
1,0.47016075253486633,0
1,0.4687831401824951,0
0,0.4642503261566162,0
0,0.4649561643600464,0
1,0.463094562292099,0
1,0.47135740518569946,0
1,0.46283620595932007,0
1,0.4625326991081238,0
0,0.4606277048587799,0
1,0.46751824021339417,0
1,0.4630817770957947,0
1,0.46645331382751465,0
0,0.4717525243759155,0
1,0.4707942306995392,0
0,0.4696791172027588,0
0,0.47214341163635254,0
0,0.4666304886341095,0
0,0.47055909037590027,0
1,0.46591588854789734,0
0,0.4729480743408203,0
0,0.47155770659446716,0
0,0.4730362892150879,0
0,0.46958163380622864,0
1,0.46752309799194336,0
1,0.46908098459243774,0
1,0.4736555218696594,0
0,0.473263144493103,0
1,0.4676283001899719,0
1,0.45545992255210876,0
1,0.4618762731552124,0
0,0.4711794853210449,0
1,0.46061086654663086,0
1,0.46465080976486206,0
0,0.46715328097343445,0
0,0.47298285365104675,0
1,0.46964189410209656,0
1,0.46965545415878296,0
0,0.47301793098449707,0
0,0.46503084897994995,0
0,0.46565350890159607,0
1,0.4608796536922455,0
0,0.45566606521606445,0
1,0.4551386535167694,0
1,0.46186742186546326,0
1,0.47074055671691895,0
0,0.46720823645591736,0
1,0.4685581624507904,0
1,0.4670689105987549,0
1,0.47276970744132996,0
1,0.47278743982315063,0
0,0.4633702337741852,0
0,0.4724280536174774,0
0,0.4675576984882355,0
0,0.45875126123428345,0
0,0.4726736843585968,0
0,0.47049447894096375,0
1,0.4695550203323364,0
1,0.47090578079223633,0
1,0.46462082862854004,0
1,0.466820627450943,0
1,0.46584004163742065,0
0,0.47017353773117065,0
0,0.4701787829399109,0
0,0.4684862494468689,0
1,0.46568822860717773,0
1,0.4711459279060364,0
0,0.4704483151435852,0
1,0.45565512776374817,0
0,0.47089365124702454,0
0,0.4563518166542053,0
1,0.4688904583454132,0
0,0.4689290523529053,0
1,0.4730137884616852,0
1,0.45800554752349854,0
0,0.4646773338317871,0
1,0.4587736427783966,0
1,0.4659724235534668,0
1,0.458566278219223,0
0,0.47166550159454346,0
0,0.4667021334171295,0
0,0.4647759795188904,0
0,0.46027079224586487,0
1,0.47260454297065735,0
0,0.462838351726532,0
1,0.4689376950263977,0
1,0.4659029245376587,0
1,0.47379207611083984,0
1,0.4697563946247101,0
1,0.4643245339393616,0
0,0.4618276059627533,0
0,0.47274354100227356,0
1,0.4696813225746155,0
0,0.46650421619415283,0
1,0.46962136030197144,0
1,0.45921459794044495,0
0,0.4660453796386719,0
0,0.46822601556777954,0
0,0.47327935695648193,0
0,0.47097498178482056,0
1,0.468980073928833,0
1,0.4694864749908447,0
0,0.4717321991920471,0
1,0.47300204634666443,0
1,0.4567529559135437,0
0,0.46680837869644165,0
0,0.4660852551460266,0
1,0.47391873598098755,0
1,0.46971824765205383,0
1,0.46717169880867004,0
0,0.454216331243515,0
0,0.45853057503700256,0
0,0.4757901132106781,0
1,0.46442675590515137,0
1,0.46173015236854553,0
0,0.46873778104782104,0
0,0.4612218141555786,0
0,0.4641624689102173,0
1,0.46713605523109436,0
0,0.47043299674987793,0
0,0.4725281000137329,0
0,0.4564215838909149,0
1,0.4705469608306885,0
1,0.4663873016834259,0
1,0.4696718454360962,0
1,0.47397518157958984,0
1,0.4642931818962097,0
0,0.4738941490650177,0
0,0.46737587451934814,0
0,0.46289217472076416,0
0,0.45807257294654846,0
0,0.4552711546421051,0
1,0.470439612865448,0
1,0.4700533151626587,0
0,0.47007685899734497,0
0,0.46673035621643066,0
0,0.45607441663742065,0
0,0.4703317880630493,0
1,0.4623623192310333,0
0,0.46894487738609314,0
0,0.4667269289493561,0
1,0.47286781668663025,0
1,0.44920939207077026,0
1,0.46129515767097473,0
0,0.45718544721603394,0
1,0.47258976101875305,0
0,0.45478078722953796,0
1,0.46745067834854126,0
0,0.4730709195137024,0
1,0.470565527677536,0
1,0.47147905826568604,0
0,0.45846402645111084,0
1,0.4632863998413086,0
1,0.465072363615036,0
1,0.4696520268917084,0
0,0.4548738896846771,0
0,0.46964818239212036,0
1,0.4699890911579132,0
0,0.4620601534843445,0
1,0.4751938283443451,0
0,0.4552063047885895,0
0,0.4707241654396057,0
1,0.47307586669921875,0
1,0.47154203057289124,0
1,0.4585440158843994,0
1,0.46360427141189575,0
0,0.4622378945350647,0
0,0.4724530577659607,0
1,0.4699917435646057,0
1,0.47377943992614746,0
1,0.4705585241317749,0
1,0.46486449241638184,0
0,0.45793113112449646,0
1,0.46959713101387024,0
0,0.46100884675979614,0
1,0.4705951511859894,0
0,0.45894375443458557,0
1,0.4646300673484802,0
1,0.4738706946372986,0
0,0.4727564752101898,0
1,0.4720383286476135,0
0,0.4620364308357239,0
1,0.4564521312713623,0
0,0.4613562524318695,0
1,0.46451491117477417,0
0,0.46442553400993347,0
0,0.46441328525543213,0
0,0.45867228507995605,0
0,0.47347816824913025,0
1,0.46837350726127625,0
1,0.456142395734787,0
0,0.46403470635414124,0
0,0.4736160635948181,0
0,0.47515958547592163,0
0,0.47123536467552185,0
1,0.4730406105518341,0
1,0.46346136927604675,0
1,0.46657687425613403,0
0,0.4540417790412903,0
0,0.47087204456329346,0
1,0.47018352150917053,0
1,0.4705905020236969,0
1,0.4699661433696747,0
0,0.4739648401737213,0
0,0.4639785587787628,0
0,0.4727342128753662,0
1,0.47017571330070496,0
1,0.47362184524536133,0
0,0.4715687334537506,0
1,0.45835840702056885,0
0,0.4686407744884491,0
0,0.462920218706131,0
0,0.4709773659706116,0
0,0.46444475650787354,0
1,0.47006264328956604,0
1,0.4644550383090973,0
1,0.4579751491546631,0
0,0.4721273183822632,0
0,0.47365397214889526,0
0,0.4727625548839569,0
1,0.4693400263786316,0
0,0.46300357580184937,0
0,0.45298880338668823,0
0,0.4644103944301605,0
0,0.47029364109039307,0
1,0.47049954533576965,0
0,0.47105735540390015,0
1,0.47029268741607666,0
0,0.46234050393104553,0
0,0.4728909730911255,0
1,0.4659891426563263,0
0,0.4534794092178345,0
0,0.46965616941452026,0
1,0.4726915955543518,0
1,0.47006991505622864,0
1,0.4577244520187378,0
1,0.47117459774017334,0
1,0.47250014543533325,0
0,0.47275403141975403,0
1,0.4525182545185089,0
1,0.4727354943752289,0
1,0.4559321999549866,0
1,0.46742525696754456,0
1,0.46087202429771423,0
1,0.45573166012763977,0
1,0.4703722894191742,0
0,0.471224308013916,0
0,0.4559997618198395,0
1,0.4568437933921814,0
1,0.46248701214790344,0
1,0.45519936084747314,0
1,0.4470066428184509,0
1,0.4684090316295624,0
1,0.47203055024147034,0
0,0.46932530403137207,0
0,0.4722103476524353,0
0,0.45907214283943176,0
0,0.46913769841194153,0
0,0.4668335020542145,0
1,0.4704360067844391,0
1,0.47330403327941895,0
1,0.46622881293296814,0
1,0.47060343623161316,0
0,0.4723048210144043,0
1,0.47087520360946655,0
1,0.4707043766975403,0
1,0.46465086936950684,0
0,0.46462276577949524,0
0,0.46942993998527527,0
0,0.47386860847473145,0
0,0.47070372104644775,0
0,0.4687565267086029,0
0,0.47142913937568665,0
0,0.46515944600105286,0
1,0.46309855580329895,0
1,0.47378912568092346,0
1,0.4740515649318695,0
0,0.45468956232070923,0
0,0.47272345423698425,0
0,0.4678204357624054,0
1,0.47009730339050293,0
1,0.4548377990722656,0
0,0.47026801109313965,0
1,0.47109755873680115,0
0,0.4728379249572754,0
0,0.45387476682662964,0
1,0.4579245448112488,0
1,0.47017702460289,0
0,0.47238218784332275,0
0,0.4710950255393982,0
1,0.47201982140541077,0
1,0.4695264399051666,0
1,0.4704327881336212,0
1,0.47160834074020386,0
0,0.4688273072242737,0
0,0.47218966484069824,0
1,0.4738605320453644,0
1,0.4608471095561981,0
1,0.4719730317592621,0
0,0.46447494626045227,0
0,0.4722535014152527,0
1,0.47239387035369873,0
0,0.4627697467803955,0
0,0.47231659293174744,0
0,0.46065783500671387,0
1,0.4547654092311859,0
0,0.4591955542564392,0
0,0.4596335291862488,0
0,0.47356364130973816,0
1,0.4629024863243103,0
0,0.4694705605506897,0
0,0.46563488245010376,0
1,0.46111005544662476,0
1,0.4695802628993988,0
0,0.4711216688156128,0
1,0.47397351264953613,0
1,0.46343058347702026,0
0,0.469227135181427,0
1,0.4725053608417511,0
1,0.46274489164352417,0
1,0.47344017028808594,0
1,0.4556865394115448,0
0,0.4701799154281616,0
1,0.47383907437324524,0
1,0.47267037630081177,0
1,0.4726449251174927,0
1,0.4610116183757782,0
0,0.4550647437572479,0
1,0.46921253204345703,0
0,0.4661095440387726,0
1,0.4726831018924713,0
0,0.4545413553714752,0
0,0.46934810280799866,0
0,0.4580323100090027,0
0,0.4670282304286957,0
0,0.45139989256858826,0
1,0.4719880521297455,0
0,0.46134471893310547,0
0,0.4646020233631134,0
1,0.47272151708602905,0
0,0.46293744444847107,0
1,0.4589240252971649,0
0,0.4696540832519531,0
1,0.46476423740386963,0
0,0.4706081449985504,0
0,0.4608381986618042,0
0,0.4726550877094269,0
0,0.47270649671554565,0
1,0.46458199620246887,0
0,0.4685739576816559,0
1,0.47180426120758057,0
0,0.47380897402763367,0
1,0.46616315841674805,0
0,0.4563438296318054,0
0,0.4729066491127014,0
1,0.4731241762638092,0
1,0.47252219915390015,0
0,0.47345080971717834,0
1,0.46962490677833557,0
1,0.4740004539489746,0
1,0.47238239645957947,0
0,0.45901060104370117,0
0,0.45426616072654724,0
1,0.46881091594696045,0
1,0.4591802656650543,0
1,0.46965745091438293,0
1,0.46965155005455017,0
1,0.47024792432785034,0
0,0.47053268551826477,0
1,0.4681120812892914,0
0,0.4692913889884949,0
1,0.46385693550109863,0
0,0.46903276443481445,0
0,0.4535696804523468,0
0,0.4689124822616577,0
0,0.4723086655139923,0
0,0.4618988633155823,0
0,0.4608801603317261,0
1,0.4602726101875305,0
1,0.4698497951030731,0
1,0.4707409739494324,0
0,0.4689423739910126,0
0,0.45887988805770874,0
0,0.4696436822414398,0
1,0.4727518856525421,0
0,0.46736493706703186,0
0,0.47326573729515076,0
0,0.4688172936439514,0
1,0.46723848581314087,0
1,0.4568132162094116,0
1,0.4725567400455475,0
0,0.4730491638183594,0
0,0.46988406777381897,0
0,0.47082751989364624,0
0,0.4688260555267334,0
0,0.47284024953842163,0
1,0.4655247926712036,0
0,0.47070643305778503,0
1,0.4570781886577606,0
0,0.46536681056022644,0
1,0.4687497019767761,0
1,0.47370579838752747,0
0,0.47017350792884827,0
1,0.4558558762073517,0
1,0.4719648063182831,0
0,0.47024908661842346,0
1,0.45717111229896545,0
1,0.462935209274292,0
0,0.4695475697517395,0
1,0.47307994961738586,0
1,0.46883532404899597,0
0,0.4573730230331421,0
1,0.47304385900497437,0
0,0.45894095301628113,0
0,0.45816275477409363,0
1,0.4667081832885742,0
0,0.4621696174144745,0
0,0.4707474708557129,0
0,0.47372549772262573,0
1,0.47126057744026184,0
0,0.467595636844635,0
1,0.47244614362716675,0
1,0.466877281665802,0
1,0.4720853269100189,0
1,0.46296602487564087,0
0,0.47388264536857605,0
0,0.4621575176715851,0
0,0.4557689428329468,0
0,0.47232556343078613,0
1,0.47061702609062195,0
0,0.4545133709907532,0
0,0.46989986300468445,0
0,0.47374236583709717,0
0,0.4655725359916687,0
0,0.4644627571105957,0
0,0.46954524517059326,0
0,0.4721197187900543,0
0,0.449284166097641,0
1,0.46872320771217346,0
0,0.46530264616012573,0
1,0.46358707547187805,0
1,0.4717704951763153,0
1,0.4697476029396057,0
1,0.47289931774139404,0
0,0.4697916805744171,0
0,0.4710964560508728,0
0,0.4568002223968506,0
1,0.4728664457798004,0
0,0.4546028971672058,0
0,0.46589189767837524,0
0,0.4606623649597168,0
0,0.46246111392974854,0
0,0.46966132521629333,0
0,0.4610331952571869,0
0,0.47203385829925537,0
0,0.47361311316490173,0
0,0.47212815284729004,0
1,0.4636777937412262,0
0,0.45486384630203247,0
1,0.47378838062286377,0
0,0.469662070274353,0
0,0.47203490138053894,0
1,0.4715147614479065,0
1,0.4703681766986847,0
0,0.46505850553512573,0
0,0.4739069640636444,0
1,0.4678382873535156,0
1,0.47286733984947205,0
0,0.46453630924224854,0
0,0.45606812834739685,0
1,0.4727464020252228,0
0,0.4605638086795807,0
0,0.47011005878448486,0
0,0.4629572629928589,0
0,0.4678637981414795,0
0,0.4739842414855957,0
0,0.4618978500366211,0
1,0.44565099477767944,0
0,0.47115179896354675,0
0,0.473977655172348,0
0,0.4565739631652832,0
1,0.465955913066864,0
1,0.47380566596984863,0
0,0.4564880430698395,0
0,0.45377883315086365,0
0,0.46901935338974,0
1,0.4541763365268707,0
0,0.4576459527015686,0
1,0.46638360619544983,0
0,0.46882137656211853,0
1,0.45451703667640686,0
0,0.46662816405296326,0
1,0.46732160449028015,0
0,0.46680328249931335,0
0,0.46515071392059326,0
0,0.47303202748298645,0
0,0.45706117153167725,0
0,0.4640781581401825,0
1,0.47000637650489807,0
0,0.4545993506908417,0
1,0.4719330966472626,0
0,0.46320220828056335,0
0,0.4660380184650421,0
0,0.46152758598327637,0
0,0.47199535369873047,0
1,0.4683190584182739,0
1,0.4629600942134857,0
0,0.46648934483528137,0
0,0.47287970781326294,0
1,0.47268134355545044,0
1,0.4698357880115509,0
1,0.45891135931015015,0
0,0.4688282012939453,0
1,0.4548751413822174,0
1,0.4680396318435669,0
0,0.47055065631866455,0
0,0.4572494924068451,0
0,0.46788930892944336,0
0,0.4640559256076813,0
0,0.46497631072998047,0
0,0.47019025683403015,0
0,0.46001312136650085,0
1,0.45652809739112854,0
1,0.4619181752204895,0
1,0.4736478328704834,0
0,0.4724893867969513,0
1,0.47234249114990234,0
1,0.4608321487903595,0
1,0.4728251099586487,0
1,0.4670173227787018,0
1,0.473132461309433,0
1,0.47400277853012085,0
1,0.4572117328643799,0
0,0.4696264863014221,0
1,0.4714006185531616,0
0,0.4665522873401642,0
0,0.4710657596588135,0
0,0.45282605290412903,0
0,0.46998751163482666,0
0,0.45355501770973206,0
0,0.4536225497722626,0
1,0.4672793745994568,0
1,0.46733352541923523,0
1,0.47397422790527344,0
1,0.45761698484420776,0
1,0.47303277254104614,0
1,0.4712940454483032,0
1,0.46538710594177246,0
0,0.4613695740699768,0
1,0.4601746201515198,0
0,0.4689083993434906,0
0,0.4728063642978668,0
1,0.4721410274505615,0
0,0.468446284532547,0
0,0.4564376473426819,0
0,0.4710475504398346,0
1,0.467164009809494,0
0,0.45840516686439514,0
0,0.4658852219581604,0
1,0.4738362431526184,0
1,0.45771217346191406,0
1,0.47267231345176697,0
1,0.4739428162574768,0
1,0.4663488268852234,0
0,0.46753570437431335,0
0,0.47268083691596985,0
1,0.47303009033203125,0
1,0.47088754177093506,0
0,0.46765613555908203,0
0,0.46427983045578003,0
1,0.4561368227005005,0
0,0.47123631834983826,0
0,0.4743616282939911,0
1,0.47180265188217163,0
0,0.47392258048057556,0
0,0.4698702096939087,0
1,0.4736831784248352,0
1,0.472851037979126,0
0,0.4736519455909729,0
0,0.4605041444301605,0
0,0.47146114706993103,0
0,0.4702468812465668,0
1,0.46235212683677673,0
1,0.47197139263153076,0
1,0.4724595546722412,0
0,0.4628583490848541,0
0,0.4696293771266937,0
1,0.47139644622802734,0
0,0.47003409266471863,0
0,0.46325138211250305,0
0,0.4681786596775055,0
0,0.4727516770362854,0
0,0.4699271619319916,0
0,0.4691900312900543,0
1,0.4716258943080902,0
1,0.4721144437789917,0
1,0.45486801862716675,0
0,0.4725970923900604,0
1,0.4700164794921875,0
0,0.47258782386779785,0
1,0.46689072251319885,0
0,0.46991539001464844,0
1,0.4710710346698761,0
0,0.4733142554759979,0
1,0.46879875659942627,0
1,0.4558604061603546,0
1,0.46443435549736023,0
0,0.46154433488845825,0
0,0.46555060148239136,0
0,0.4700772762298584,0
1,0.4705488979816437,0
1,0.47207847237586975,0
1,0.47146075963974,0
1,0.473263680934906,0
1,0.4615307152271271,0
0,0.47265365719795227,0
0,0.46523213386535645,0
1,0.46053463220596313,0
0,0.4732774496078491,0
0,0.471004456281662,0
0,0.468286395072937,0
1,0.4554623067378998,0
0,0.46285468339920044,0
0,0.4701787233352661,0
1,0.45757293701171875,0
1,0.47254541516304016,0
0,0.4678230583667755,0
0,0.4712877869606018,0
0,0.47291579842567444,0
1,0.46604257822036743,0
1,0.4724826514720917,0
0,0.47292855381965637,0
1,0.45897936820983887,0
0,0.47019121050834656,0
0,0.45819562673568726,0
1,0.4713881313800812,0
1,0.4722875952720642,0
1,0.4733125865459442,0
0,0.47246652841567993,0
0,0.47289761900901794,0
0,0.47190776467323303,0
1,0.4576529264450073,0
1,0.47271737456321716,0
1,0.4720928370952606,0
0,0.4720303416252136,0
1,0.4617411196231842,0
0,0.47055280208587646,0
0,0.47156572341918945,0
1,0.47312989830970764,0
0,0.4726744294166565,0
1,0.4684567451477051,0
0,0.4628075063228607,0
0,0.47200316190719604,0
1,0.4737926125526428,0
0,0.46143725514411926,0
0,0.4724777042865753,0
0,0.4583914279937744,0
1,0.4710870087146759,0
1,0.47307610511779785,0
0,0.4556840658187866,0
0,0.4661022424697876,0
0,0.47216469049453735,0
0,0.4696666896343231,0
1,0.4702979028224945,0
0,0.46466219425201416,0
0,0.44915786385536194,0
0,0.47328075766563416,0
1,0.4733165502548218,0
1,0.4635256826877594,0
1,0.4742347300052643,0
1,0.4710271954536438,0
0,0.4659828245639801,0
1,0.46966981887817383,0
0,0.4724908471107483,0
1,0.4736047089099884,0
0,0.4634363651275635,0
1,0.4673176407814026,0
1,0.4708378314971924,0
1,0.4597342014312744,0
0,0.46097949147224426,0
0,0.4646016061306,0
1,0.4728234112262726,0
0,0.4681130349636078,0
0,0.4711523652076721,0
1,0.4696497619152069,0
1,0.4724382162094116,0
0,0.4659241735935211,0
0,0.47166016697883606,0
0,0.4553984999656677,0
0,0.46127355098724365,0
0,0.4554460644721985,0
1,0.4669777452945709,0
0,0.4705888032913208,0
0,0.4723239839076996,0
1,0.4698339104652405,0
1,0.4731200635433197,0
0,0.4709300994873047,0
1,0.469652384519577,0
0,0.47114306688308716,0
1,0.46279773116111755,0
0,0.4713224470615387,0
0,0.4699491858482361,0
0,0.464309424161911,0
1,0.47266507148742676,0
0,0.4640430212020874,0
0,0.4701710343360901,0
0,0.46467316150665283,0
0,0.4606730341911316,0
1,0.4617658257484436,0
0,0.4736804962158203,0
1,0.4705635905265808,0
1,0.4600782096385956,0
0,0.4742307960987091,0
0,0.4731435477733612,0
0,0.46175190806388855,0
1,0.46973562240600586,0
0,0.4603744447231293,0
1,0.46814146637916565,0
0,0.47268539667129517,0
1,0.4735957980155945,0
0,0.4699971079826355,0
1,0.45657914876937866,0
1,0.47137221693992615,0
1,0.46968305110931396,0
1,0.47234004735946655,0
1,0.4711968004703522,0
1,0.4645788073539734,0
0,0.45364710688591003,0
0,0.46974286437034607,0
1,0.45848798751831055,0
1,0.46635422110557556,0
0,0.46494197845458984,0
0,0.4700526297092438,0
0,0.47167956829071045,0
1,0.4606243968009949,0
0,0.4710698425769806,0
0,0.46756842732429504,0
1,0.4731746017932892,0
1,0.45910367369651794,0
0,0.4671914279460907,0
0,0.464106023311615,0
0,0.46975600719451904,0
0,0.4712228775024414,0
1,0.47182920575141907,0
0,0.4730874001979828,0
0,0.45093682408332825,0
1,0.4724784791469574,0
0,0.47025689482688904,0
0,0.4704115390777588,0
1,0.45778021216392517,0
0,0.46964845061302185,0
0,0.47071415185928345,0
1,0.4701905846595764,0
1,0.46970415115356445,0
1,0.46716243028640747,0
0,0.4724838137626648,0
0,0.4727547764778137,0
1,0.47337648272514343,0
0,0.45830193161964417,0
1,0.46852362155914307,0
1,0.4647665023803711,0
1,0.4738786220550537,0
0,0.46000292897224426,0
0,0.46244725584983826,0
0,0.4662654995918274,0
0,0.461620569229126,0
0,0.46884962916374207,0
0,0.4696713387966156,0
1,0.4616715908050537,0
0,0.47267085313796997,0
1,0.46448883414268494,0
0,0.4726219177246094,0
0,0.47235238552093506,0
1,0.4633488357067108,0
0,0.47144216299057007,0
0,0.4728989005088806,0
0,0.4614950120449066,0
1,0.4678795635700226,0
1,0.46492668986320496,0
0,0.4716527462005615,0
0,0.470224529504776,0
1,0.467987060546875,0
1,0.4604088068008423,0
1,0.4718708097934723,0
1,0.4723270535469055,0
1,0.46939054131507874,0
0,0.4528546929359436,0
1,0.4696616530418396,0
1,0.47015082836151123,0
0,0.4698834717273712,0
0,0.4683074653148651,0
1,0.4584578573703766,0
0,0.4694671332836151,0
0,0.4736024737358093,0
0,0.467923104763031,0
1,0.4664049446582794,0
0,0.46720948815345764,0
1,0.46813204884529114,0
0,0.4719046950340271,0
1,0.467285692691803,0
0,0.457259863615036,0
0,0.4649498164653778,0
1,0.46980947256088257,0
1,0.47021639347076416,0
1,0.4726078510284424,0
1,0.456678181886673,0
1,0.4615277349948883,0
0,0.4629098176956177,0
0,0.4582367241382599,0
0,0.4730328321456909,0
1,0.47015368938446045,0
0,0.4646061062812805,0
1,0.4727252423763275,0
0,0.4728491008281708,0
1,0.47377365827560425,0
0,0.4606613516807556,0
1,0.47260478138923645,0
1,0.46750012040138245,0
0,0.4671820104122162,0
0,0.4729194939136505,0
1,0.4609909951686859,0
0,0.44846123456954956,0
0,0.46934622526168823,0
1,0.4705456793308258,0
1,0.4711964726448059,0
0,0.47308045625686646,0
0,0.46938633918762207,0
0,0.47306355834007263,0
1,0.4691815674304962,0
1,0.4627712368965149,0
0,0.4696155786514282,0
1,0.4592236578464508,0
1,0.46312257647514343,0
0,0.47395676374435425,0
0,0.470671147108078,0
0,0.466629296541214,0
1,0.4733988046646118,0
0,0.466740220785141,0
1,0.4726708233356476,0
1,0.4739653766155243,0
0,0.4719851016998291,0
0,0.47049859166145325,0
1,0.47250333428382874,0
1,0.47072136402130127,0
1,0.46971026062965393,0
1,0.4726395308971405,0
0,0.46416544914245605,0
0,0.4719396233558655,0
1,0.47249844670295715,0
1,0.4725804924964905,0
0,0.4683245122432709,0
0,0.46965932846069336,0
0,0.4647527039051056,0
1,0.47058844566345215,0
1,0.46977001428604126,0
1,0.4720422923564911,0
1,0.45366108417510986,0
1,0.4733758270740509,0
0,0.45839980244636536,0
1,0.4731946885585785,0
0,0.4606461524963379,0
1,0.4711262881755829,0
1,0.46987199783325195,0
1,0.47202757000923157,0
1,0.4736059904098511,0
0,0.4705032408237457,0
0,0.46241292357444763,0
0,0.4650433361530304,0
1,0.47016075253486633,0
0,0.4683617949485779,0
1,0.47162896394729614,0
1,0.46481937170028687,0
1,0.4679681360721588,0
1,0.454607754945755,0
0,0.46118730306625366,0
1,0.46965840458869934,0
0,0.4728665351867676,0
0,0.47277674078941345,0
1,0.46645909547805786,0
0,0.47222548723220825,0
1,0.46561047434806824,0
1,0.46798256039619446,0
0,0.4700559973716736,0
0,0.47239014506340027,0
0,0.469652384519577,0
0,0.47127068042755127,0
1,0.4625091552734375,0
0,0.47100624442100525,0
1,0.46985235810279846,0
0,0.46077048778533936,0
1,0.46802735328674316,0
1,0.47146305441856384,0
1,0.4723133444786072,0
0,0.4690259099006653,0
0,0.47236838936805725,0
1,0.4681761562824249,0
1,0.4553969204425812,0
1,0.47330328822135925,0
0,0.47313809394836426,0
0,0.4726594090461731,0
1,0.46934694051742554,0
1,0.46191903948783875,0
0,0.47182995080947876,0
1,0.46220651268959045,0
1,0.4716201722621918,0
1,0.4621002674102783,0
1,0.47396525740623474,0
0,0.4718324840068817,0
1,0.4713745415210724,0
1,0.46276071667671204,0
0,0.468625545501709,0
0,0.46122413873672485,0
0,0.46969977021217346,0
1,0.46058231592178345,0
0,0.4719758629798889,0
0,0.452618271112442,0
0,0.46807751059532166,0
1,0.47325512766838074,0
1,0.4687975347042084,0
0,0.46965745091438293,0
0,0.4644160568714142,0
1,0.46657395362854004,0
1,0.471233993768692,0
1,0.4644053280353546,0
1,0.47054389119148254,0
1,0.46943825483322144,0
1,0.4614850878715515,0
1,0.47235462069511414,0
0,0.4714396297931671,0
0,0.4662141501903534,0
0,0.4696832299232483,0
0,0.46968701481819153,0
1,0.4728223383426666,0
0,0.45804035663604736,0
0,0.4583495855331421,0
0,0.46978452801704407,0
0,0.4700259566307068,0
0,0.4732232987880707,0
1,0.45565977692604065,0
1,0.46517428755760193,0
1,0.46396592259407043,0
1,0.47386276721954346,0
1,0.46797075867652893,0
0,0.4699523448944092,0
1,0.47219908237457275,0
0,0.46967384219169617,0
1,0.4693531394004822,0
0,0.47259092330932617,0
1,0.47101882100105286,0
0,0.4738743305206299,0
1,0.4574308395385742,0
1,0.46450358629226685,0
1,0.4578951597213745,0
0,0.47014862298965454,0
1,0.4694628417491913,0
0,0.45890358090400696,0
0,0.4727499783039093,0
0,0.4572182893753052,0
0,0.4728851616382599,0
0,0.46984073519706726,0
1,0.4614807963371277,0
0,0.4708878993988037,0
0,0.46412965655326843,0
0,0.4667218327522278,0
1,0.46056926250457764,0
1,0.4609610140323639,0
1,0.46135878562927246,0
1,0.4728899598121643,0
0,0.47097256779670715,0
0,0.46429821848869324,0
1,0.45876234769821167,0
1,0.47096964716911316,0
1,0.4729141592979431,0
1,0.47141751646995544,0
0,0.4657835066318512,0
0,0.4726523756980896,0
0,0.47073835134506226,0
1,0.4601271152496338,0
0,0.4723784625530243,0
0,0.46941402554512024,0
0,0.45756036043167114,0
0,0.47394946217536926,0
1,0.45684608817100525,0
0,0.4596711993217468,0
0,0.4743412435054779,0
1,0.46839794516563416,0
0,0.4696512520313263,0
1,0.4641532301902771,0
1,0.46293091773986816,0
1,0.4731690585613251,0
1,0.47025394439697266,0
0,0.4727541208267212,0
0,0.4698157012462616,0
1,0.46459662914276123,0
1,0.47391295433044434,0
0,0.4710482954978943,0
1,0.46318528056144714,0
1,0.4568696916103363,0
0,0.4626130163669586,0
1,0.4729548990726471,0
0,0.47096624970436096,0
1,0.4620305299758911,0
0,0.4639698266983032,0
1,0.47291916608810425,0
1,0.47039443254470825,0
0,0.45415112376213074,0
0,0.4646592140197754,0
1,0.47022268176078796,0
1,0.4575744569301605,0
0,0.4642716646194458,0
1,0.45453447103500366,0
1,0.47130221128463745,0
1,0.4592878520488739,0
1,0.47061383724212646,0
1,0.4687950909137726,0
1,0.47026047110557556,0
0,0.4682520925998688,0
0,0.4643357992172241,0
1,0.4728240668773651,0
1,0.47197553515434265,0
0,0.4654878079891205,0
1,0.4643894135951996,0
1,0.47180724143981934,0
0,0.4713912904262543,0
1,0.470302939414978,0
1,0.46378934383392334,0
1,0.47076675295829773,0
1,0.4696548581123352,0
1,0.4672226905822754,0
1,0.46232888102531433,0
0,0.45889902114868164,0
0,0.47343161702156067,0
0,0.45294156670570374,0
0,0.46966081857681274,0
1,0.4665977358818054,0
1,0.47134023904800415,0
1,0.4694279432296753,0
1,0.4675481617450714,0
1,0.46318528056144714,0
1,0.46354326605796814,0
1,0.46428367495536804,0
1,0.469675749540329,0
1,0.4730265736579895,0
0,0.46066367626190186,0
1,0.4644160568714142,0
1,0.470533162355423,0
1,0.46215179562568665,0
1,0.47280219197273254,0
1,0.4704194962978363,0
0,0.470407098531723,0
0,0.45792365074157715,0
1,0.4703487157821655,0
1,0.46972107887268066,0
1,0.47212204337120056,0
0,0.4587109684944153,0
1,0.46881595253944397,0
1,0.4600433111190796,0
0,0.4654824435710907,0
0,0.4668740928173065,0
1,0.46432968974113464,0
1,0.46883532404899597,0
1,0.4656122326850891,0
0,0.46863827109336853,0
1,0.4615892767906189,0
0,0.4707767069339752,0
0,0.4739591181278229,0
0,0.4608920216560364,0
0,0.4674259424209595,0
1,0.4727923572063446,0
0,0.47267454862594604,0
1,0.4722800552845001,0
0,0.4701535701751709,0
0,0.4687538146972656,0
0,0.46691685914993286,0
0,0.46463543176651,0
1,0.4695850908756256,0
1,0.4718472361564636,0
1,0.47349950671195984,0
1,0.4737486243247986,0
1,0.4689110219478607,0
1,0.46632543206214905,0
0,0.46119818091392517,0
0,0.4634309411048889,0
0,0.4720269441604614,0
1,0.47062647342681885,0
1,0.4676312208175659,0
1,0.47268179059028625,0
0,0.467165470123291,0
1,0.4739696681499481,0
0,0.4746969938278198,0
0,0.47141313552856445,0
1,0.46247467398643494,0
1,0.4723232388496399,0
1,0.47124606370925903,0
1,0.47267794609069824,0
0,0.46466064453125,0
1,0.46365460753440857,0
1,0.47260934114456177,0
0,0.47031041979789734,0
0,0.4614429473876953,0
0,0.47265055775642395,0
1,0.47236311435699463,0
0,0.47397908568382263,0
0,0.4696531891822815,0
1,0.4647993743419647,0
1,0.45958659052848816,0
0,0.45443713665008545,0
1,0.4695226848125458,0
0,0.46760326623916626,0
0,0.4721497893333435,0
1,0.4731423854827881,0
1,0.47262299060821533,0
0,0.4726736843585968,0
0,0.459391325712204,0
0,0.4729129672050476,0
1,0.4735610783100128,0
1,0.46637776494026184,0
0,0.4730798304080963,0
1,0.47031646966934204,0
0,0.4580962061882019,0
1,0.4533814489841461,0
0,0.47236865758895874,0
1,0.4701358675956726,0
1,0.4681367576122284,0
0,0.4731135964393616,0
1,0.4647487998008728,0
1,0.4665118455886841,0
0,0.47326451539993286,0
0,0.47135549783706665,0
0,0.4699499309062958,0
1,0.4734446704387665,0
0,0.4582754671573639,0
1,0.4581253230571747,0
0,0.47147321701049805,0
1,0.4727148711681366,0
0,0.4543684720993042,0
0,0.46114519238471985,0
0,0.47267284989356995,0
0,0.4693044126033783,0
1,0.4712010324001312,0
0,0.4714607000350952,0
1,0.4613790214061737,0
1,0.4722155034542084,0
1,0.4730927348136902,0
1,0.4730525016784668,0
0,0.45746007561683655,0
0,0.4529702067375183,0
0,0.46068957448005676,0
0,0.4739927053451538,0
0,0.4708450436592102,0
1,0.47274157404899597,0
1,0.4720299243927002,0
1,0.46552273631095886,0
0,0.46847349405288696,0
0,0.45763272047042847,0
0,0.46864596009254456,0
1,0.4623946249485016,0
1,0.4705846905708313,0
1,0.46893811225891113,0
1,0.4556056261062622,0
1,0.4647541642189026,0
1,0.45139163732528687,0
0,0.46873369812965393,0
1,0.45768868923187256,0
0,0.46986812353134155,0
0,0.4726244807243347,0
1,0.46751704812049866,0
0,0.4727383553981781,0
0,0.47003617882728577,0
0,0.46939778327941895,0
1,0.4702036380767822,0
1,0.46432918310165405,0
0,0.4673689603805542,0
0,0.47026342153549194,0
0,0.46763598918914795,0
0,0.4707959294319153,0
1,0.47224411368370056,0
0,0.472265362739563,0
0,0.4695280194282532,0
1,0.47249680757522583,0
1,0.4585241675376892,0
1,0.4729427993297577,0
0,0.47296077013015747,0
1,0.4735557436943054,0
0,0.45485278964042664,0
0,0.46892160177230835,0
0,0.46709969639778137,0
1,0.47116819024086,0
1,0.47306564450263977,0
0,0.4706406593322754,0
0,0.45959118008613586,0
1,0.4668812155723572,0
0,0.46484506130218506,0
0,0.47269126772880554,0
0,0.4730859696865082,0
0,0.4622434377670288,0
0,0.46935421228408813,0
0,0.45488524436950684,0
1,0.46029341220855713,0
1,0.4622999429702759,0
1,0.46431317925453186,0
0,0.45817700028419495,0
1,0.46096086502075195,0
1,0.46414241194725037,0
1,0.46818220615386963,0
1,0.47266170382499695,0
0,0.46220090985298157,0
0,0.4623129367828369,0
1,0.4727008640766144,0
0,0.4630177915096283,0
1,0.46438583731651306,0
0,0.46915680170059204,0
1,0.4704383313655853,0
0,0.47064030170440674,0
0,0.4659976363182068,0
0,0.46824032068252563,0
0,0.4727378189563751,0
0,0.4739696681499481,0
0,0.4611070156097412,0
1,0.469651460647583,0
0,0.4704652428627014,0
1,0.47133058309555054,0
1,0.4632056951522827,0
1,0.4676860570907593,0
1,0.46557068824768066,0
1,0.4532650113105774,0
1,0.4582135081291199,0
0,0.46533432602882385,0
0,0.4726613163948059,0
0,0.46372565627098083,0
1,0.4721167981624603,0
0,0.47013944387435913,0
0,0.4729336202144623,0
1,0.47032439708709717,0
0,0.4621518552303314,0
0,0.4718911647796631,0
0,0.4735058546066284,0
1,0.46151071786880493,0
0,0.46095001697540283,0
1,0.46122443675994873,0
1,0.47274187207221985,0
1,0.46036726236343384,0
0,0.4546627998352051,0
0,0.4700436592102051,0
0,0.4699587821960449,0
0,0.4712388813495636,0
1,0.4592866897583008,0
1,0.4723823368549347,0
0,0.4730103015899658,0
0,0.47015926241874695,0
0,0.47292909026145935,0
0,0.457243412733078,0
0,0.47092732787132263,0
0,0.4703955054283142,0
1,0.47378554940223694,0
1,0.46813246607780457,0
0,0.46665582060813904,0
0,0.46818074584007263,0
1,0.4690854251384735,0
1,0.4532768428325653,0
1,0.4716813266277313,0
0,0.4727431535720825,0
0,0.4709109365940094,0
0,0.46904200315475464,0
1,0.46685275435447693,0
1,0.47041141986846924,0
1,0.4553171396255493,0
0,0.46611955761909485,0
1,0.4728100895881653,0
0,0.47301265597343445,0
1,0.4720742702484131,0
0,0.4725256562232971,0
1,0.45642322301864624,0
0,0.46338966488838196,0
0,0.47341975569725037,0
0,0.47311845421791077,0
0,0.4656190276145935,0
0,0.4580753445625305,0
1,0.4736681580543518,0
1,0.4652822017669678,0
1,0.47140243649482727,0
1,0.4739328622817993,0
1,0.46965640783309937,0
1,0.47198009490966797,0
1,0.4736591577529907,0
0,0.4677726924419403,0
1,0.469944030046463,0
1,0.4695040285587311,0
1,0.45947688817977905,0
0,0.47196367383003235,0
0,0.45867303013801575,0
1,0.4675098657608032,0
1,0.47179916501045227,0
0,0.47201791405677795,0
1,0.4527665078639984,0
1,0.47111955285072327,0
0,0.4567568302154541,0
1,0.47305652499198914,0
0,0.460938960313797,0
0,0.4719495475292206,0
1,0.4607437252998352,0
1,0.45875129103660583,0
0,0.46435004472732544,0
1,0.47274699807167053,0
0,0.47272974252700806,0
1,0.4572298526763916,0
0,0.4695243835449219,0
1,0.46831372380256653,0
1,0.4649273455142975,0
0,0.46792879700660706,0
1,0.4726494550704956,0
1,0.46608737111091614,0
0,0.45561379194259644,0
1,0.47308656573295593,0
0,0.4718950390815735,0
0,0.4653993844985962,0
1,0.4610837996006012,0
0,0.4578317701816559,0
1,0.46136394143104553,0
0,0.46806496381759644,0
1,0.4623188376426697,0
0,0.46965503692626953,0
1,0.4701051115989685,0
1,0.4534524977207184,0
0,0.4697211980819702,0
1,0.47122934460639954,0
1,0.46910879015922546,0
0,0.47135409712791443,0
1,0.46465837955474854,0
0,0.46060818433761597,0
0,0.45957744121551514,0
1,0.4660327434539795,0
1,0.4652458727359772,0
1,0.46530506014823914,0
0,0.46453723311424255,0
1,0.4639115333557129,0
1,0.45989087224006653,0
1,0.47092682123184204,0
1,0.4708998501300812,0
0,0.47217074036598206,0
1,0.472981333732605,0
0,0.45460569858551025,0
1,0.4706825613975525,0
0,0.47057607769966125,0
0,0.4679476320743561,0
0,0.47284746170043945,0
1,0.4604356586933136,0
1,0.4698672592639923,0
1,0.4561934173107147,0
0,0.46964287757873535,0
1,0.4726022183895111,0
1,0.46908941864967346,0
0,0.472760945558548,0
0,0.4593491852283478,0
1,0.4702732264995575,0
0,0.4720551073551178,0
0,0.47075387835502625,0
0,0.45245465636253357,0
0,0.470998615026474,0
0,0.4534027874469757,0
1,0.46737343072891235,0
0,0.472671777009964,0
0,0.4664507806301117,0
1,0.47041353583335876,0
0,0.4727262258529663,0
1,0.4657605290412903,0
1,0.4720280170440674,0
1,0.46742868423461914,0
1,0.468721479177475,0
0,0.46270763874053955,0
1,0.4726444482803345,0
0,0.46903812885284424,0
1,0.46761906147003174,0
1,0.4726865887641907,0
0,0.4563368260860443,0
0,0.46982043981552124,0
0,0.46516671776771545,0
0,0.4519810974597931,0
1,0.4730209410190582,0
1,0.473507821559906,0
1,0.4597868025302887,0
0,0.47098100185394287,0
0,0.4731672406196594,0
0,0.472872793674469,0
0,0.4718294143676758,0
0,0.4731079041957855,0
1,0.4667147099971771,0
0,0.4702012836933136,0
1,0.46474334597587585,0
0,0.4692402482032776,0
0,0.4598717987537384,0
0,0.45944201946258545,0
1,0.46262088418006897,0
0,0.4555297791957855,0
0,0.46974119544029236,0
0,0.4585057199001312,0
0,0.46624451875686646,0
0,0.46951866149902344,0
0,0.46514514088630676,0
0,0.4700241684913635,0
1,0.46084895730018616,0
0,0.47275489568710327,0
1,0.46134188771247864,0
0,0.4729282259941101,0
1,0.47115132212638855,0
0,0.4687351882457733,0
1,0.4677538573741913,0
0,0.4710056185722351,0
1,0.45979970693588257,0
1,0.4725079834461212,0
0,0.45551353693008423,0
0,0.4724469780921936,0
0,0.4645579159259796,0
0,0.4671288728713989,0
1,0.4646652936935425,0
0,0.45883908867836,0
0,0.4614071846008301,0
1,0.4574856460094452,0
1,0.463860422372818,0
0,0.4645872712135315,0
0,0.45525792241096497,0
0,0.4695877134799957,0
0,0.4725398123264313,0
1,0.47103744745254517,0
0,0.47264572978019714,0
0,0.4718260169029236,0
0,0.46748486161231995,0
0,0.47049257159233093,0
0,0.4727114140987396,0
0,0.4696514904499054,0
0,0.46781885623931885,0
0,0.45409855246543884,0
0,0.4708273112773895,0
1,0.4696519672870636,0
0,0.4727524220943451,0
0,0.45548728108406067,0
1,0.46055522561073303,0
0,0.4732378125190735,0
0,0.47172582149505615,0
1,0.4732201099395752,0
1,0.46520358324050903,0
0,0.4726322591304779,0
1,0.47000062465667725,0
0,0.4726719856262207,0
1,0.4609478712081909,0
1,0.4716475307941437,0
1,0.4639759957790375,0
0,0.4723111689090729,0
1,0.4722049832344055,0
0,0.4579375386238098,0
1,0.473744660615921,0
0,0.47107189893722534,0
1,0.47274017333984375,0
1,0.4703999161720276,0
0,0.471924751996994,0
0,0.46759501099586487,0
0,0.4683946967124939,0
0,0.473255455493927,0
0,0.47290220856666565,0
0,0.4612043499946594,0
0,0.4728148281574249,0
1,0.470383882522583,0
1,0.4653332531452179,0
0,0.45715540647506714,0
0,0.46456223726272583,0
1,0.4689517915248871,0
1,0.4677655100822449,0
1,0.4648820161819458,0
1,0.4691823422908783,0
0,0.46959188580513,0
1,0.47101226449012756,0
1,0.4558480679988861,0
1,0.471438467502594,0
1,0.4721948802471161,0
1,0.46556779742240906,0
1,0.4719066023826599,0
0,0.46980127692222595,0
1,0.4520338773727417,0
0,0.4736769199371338,0
0,0.47268354892730713,0
0,0.47049763798713684,0
1,0.46207574009895325,0
1,0.46051502227783203,0
0,0.45354172587394714,0
0,0.4730071723461151,0
0,0.4711168110370636,0
1,0.4704970121383667,0
1,0.47374582290649414,0
0,0.4617040157318115,0
1,0.46345141530036926,0
1,0.4681713581085205,0
1,0.4722426235675812,0
0,0.457683801651001,0
1,0.4727596640586853,0
0,0.4728474020957947,0
0,0.47264498472213745,0
0,0.4699684977531433,0
0,0.47262680530548096,0
1,0.46667778491973877,0
1,0.4546124041080475,0
0,0.4653911292552948,0
0,0.47275659441947937,0
1,0.4564306437969208,0
0,0.4725140929222107,0
1,0.4725469946861267,0
1,0.45626300573349,0
1,0.47292226552963257,0
1,0.47306594252586365,0
0,0.47118836641311646,0
1,0.46607059240341187,0
0,0.47266656160354614,0
1,0.4684351980686188,0
0,0.46240371465682983,0
1,0.47143855690956116,0
1,0.45726045966148376,0
1,0.4681837856769562,0
1,0.4654977321624756,0
0,0.4705375134944916,0
1,0.4668683409690857,0
1,0.4629034101963043,0
1,0.4726601541042328,0
1,0.4709436893463135,0
0,0.46808838844299316,0
1,0.47226908802986145,0
1,0.47094425559043884,0
1,0.4654645621776581,0
0,0.458079069852829,0
0,0.45376095175743103,0
1,0.47397807240486145,0
0,0.4670032858848572,0
1,0.47009578347206116,0
1,0.47179970145225525,0
1,0.47229641675949097,0
1,0.4584827721118927,0
0,0.46446841955184937,0
0,0.47267308831214905,0
1,0.4730605185031891,0
1,0.47054773569107056,0
1,0.46038365364074707,0
0,0.4730896055698395,0
1,0.4553122818470001,0
1,0.465058296918869,0
1,0.47150012850761414,0
1,0.469430536031723,0
1,0.45959481596946716,0
1,0.47340983152389526,0
0,0.4674583971500397,0
0,0.47162771224975586,0
0,0.4738295376300812,0
1,0.46442872285842896,0
1,0.4727555215358734,0
1,0.473247766494751,0
0,0.46252015233039856,0
1,0.4726184606552124,0
1,0.45906758308410645,0
0,0.47075578570365906,0
0,0.46798187494277954,0
1,0.46077561378479004,0
0,0.4538692831993103,0
0,0.4551834166049957,0
1,0.46824514865875244,0
0,0.47062361240386963,0
0,0.4723779261112213,0
1,0.45877909660339355,0
0,0.45621517300605774,0
0,0.46792519092559814,0
1,0.4705953001976013,0
0,0.4591798186302185,0
1,0.4725218713283539,0
1,0.4646678566932678,0
0,0.457417756319046,0
1,0.4728209674358368,0
1,0.46534278988838196,0
0,0.4619324207305908,0
1,0.47229424118995667,0
0,0.4726829528808594,0
1,0.4639475643634796,0
0,0.4709681570529938,0
0,0.4644275903701782,0
0,0.46044066548347473,0
1,0.47194546461105347,0
1,0.4719930589199066,0
1,0.47396495938301086,0
0,0.4732252359390259,0
0,0.46966469287872314,0
1,0.4735528528690338,0
0,0.47102728486061096,0
0,0.4720882475376129,0
1,0.4725852906703949,0
1,0.467862606048584,0
1,0.47322577238082886,0
0,0.4697183668613434,0
1,0.453206330537796,0
0,0.464944452047348,0
0,0.4726654887199402,0
0,0.4696947932243347,0
0,0.473674476146698,0
0,0.4689573645591736,0
1,0.4671404957771301,0
0,0.468320369720459,0
1,0.4527313709259033,0
1,0.46935373544692993,0
1,0.47274380922317505,0
0,0.4705215096473694,0
0,0.46864381432533264,0
0,0.4723096787929535,0
1,0.4723670780658722,0
1,0.4693937599658966,0
0,0.4730575382709503,0
1,0.4714674949645996,0
0,0.4645681083202362,0
0,0.4726744294166565,0
0,0.45341944694519043,0
0,0.46616414189338684,0
0,0.4713844060897827,0
0,0.471703439950943,0
0,0.4716586768627167,0
1,0.46550217270851135,0
0,0.45977944135665894,0
1,0.46820974349975586,0
0,0.4610316753387451,0
1,0.47234046459198,0
0,0.4709935486316681,0
1,0.47263580560684204,0
0,0.47279974818229675,0
0,0.467327743768692,0
0,0.47396838665008545,0
0,0.46594417095184326,0
1,0.47186020016670227,0
0,0.46524131298065186,0
0,0.4720088839530945,0
0,0.469656765460968,0
0,0.46696677803993225,0
1,0.4697278141975403,0
0,0.45479312539100647,0
1,0.4711751341819763,0
1,0.472356915473938,0
0,0.45511960983276367,0
0,0.4588082730770111,0
1,0.4616628587245941,0
1,0.46124833822250366,0
0,0.472814679145813,0
1,0.4725445508956909,0
0,0.4697398543357849,0
0,0.4701527953147888,0
1,0.4726259708404541,0
0,0.46661195158958435,0
0,0.47221192717552185,0
1,0.47286543250083923,0
1,0.4716435968875885,0
1,0.4681003987789154,0
0,0.4737907946109772,0
1,0.4696650803089142,0
0,0.464419960975647,0
1,0.4725998044013977,0
1,0.4716058671474457,0
0,0.4679688811302185,0
1,0.46964555978775024,0
1,0.46928444504737854,0
0,0.47268146276474,0
0,0.4664810299873352,0
0,0.470157265663147,0
1,0.45974647998809814,0
1,0.46217766404151917,0
1,0.4702279567718506,0
0,0.4708733558654785,0
0,0.46730557084083557,0
0,0.47271162271499634,0
0,0.4696986675262451,0
0,0.47034579515457153,0
1,0.4529150426387787,0
1,0.4721866846084595,0
0,0.46553835272789,0
1,0.4649052917957306,0
0,0.455344021320343,0
1,0.4634197950363159,0
0,0.4702341854572296,0
1,0.47270864248275757,0
0,0.4725983738899231,0
1,0.4684991240501404,0
1,0.4656407833099365,0
0,0.46627697348594666,0
1,0.4546729028224945,0
1,0.472623735666275,0
1,0.47381681203842163,0
0,0.473123699426651,0
1,0.46551012992858887,0
1,0.4726523756980896,0
1,0.46910300850868225,0
1,0.46957606077194214,0
0,0.47254908084869385,0
1,0.4639534056186676,0
1,0.4698512554168701,0
0,0.4699594974517822,0
1,0.47018420696258545,0
0,0.4615992307662964,0
1,0.46871593594551086,0
0,0.46005287766456604,0
0,0.46515628695487976,0
0,0.4709025025367737,0
0,0.4625992476940155,0
0,0.4695570170879364,0
1,0.4613831341266632,0
0,0.4689152240753174,0
0,0.47262170910835266,0
0,0.46465277671813965,0
0,0.47280657291412354,0
1,0.45035579800605774,0
0,0.46098700165748596,0
1,0.47171419858932495,0
0,0.46801239252090454,0
0,0.4726552665233612,0
1,0.4728415310382843,0
1,0.4558996856212616,0
0,0.4674849510192871,0
0,0.46982651948928833,0
0,0.47056394815444946,0
1,0.4705413579940796,0
1,0.4707626402378082,0
0,0.4554784595966339,0
1,0.4619232714176178,0
1,0.46987369656562805,0
0,0.46963945031166077,0
0,0.471946120262146,0
0,0.4568570852279663,0
1,0.46635639667510986,0
1,0.47387686371803284,0
1,0.4672004282474518,0
1,0.4561784863471985,0
0,0.4676498770713806,0
0,0.47101902961730957,0
0,0.4608817398548126,0
0,0.4678703248500824,0
1,0.4727762043476105,0
0,0.47293227910995483,0
0,0.4693160653114319,0
0,0.44938918948173523,0
1,0.4681366980075836,0
0,0.4718114733695984,0
1,0.47253474593162537,0
0,0.4698261022567749,0
1,0.4706880450248718,0
1,0.45807889103889465,0
0,0.4731946885585785,0
1,0.451766699552536,0
1,0.4612792134284973,0
0,0.46105316281318665,0
0,0.47245436906814575,0
0,0.47157472372055054,0
1,0.47027480602264404,0
0,0.47006601095199585,0
0,0.45629432797431946,0
0,0.4683670699596405,0
1,0.47095176577568054,0
0,0.4572393000125885,0
1,0.4729922413825989,0
0,0.4621485471725464,0
1,0.4732903838157654,0
1,0.4731483459472656,0
1,0.4665853977203369,0
1,0.4739474952220917,0
1,0.47262057662010193,0
1,0.4697236716747284,0
0,0.4707093834877014,0
1,0.47091999650001526,0
1,0.4730129837989807,0
1,0.47199997305870056,0
1,0.46353915333747864,0
0,0.47302886843681335,0
1,0.47210070490837097,0
1,0.47282564640045166,0
0,0.45457711815834045,0
1,0.47000789642333984,0
1,0.4648515582084656,0
1,0.4678248167037964,0
0,0.47230589389801025,0
0,0.46262791752815247,0
1,0.4721519351005554,0
1,0.4653729498386383,0
0,0.47385910153388977,0
0,0.46669164299964905,0
0,0.47071486711502075,0
0,0.4555271565914154,0
0,0.4737321436405182,0
1,0.45470455288887024,0
0,0.46965038776397705,0
0,0.47072428464889526,0
0,0.473058819770813,0
1,0.47286084294319153,0
0,0.469237744808197,0
0,0.4517941176891327,0
0,0.46965113282203674,0
1,0.4645898938179016,0
0,0.45582228899002075,0
1,0.4609455168247223,0
1,0.4707890748977661,0
0,0.47287672758102417,0
0,0.47382044792175293,0
1,0.472488135099411,0
1,0.4706651270389557,0
1,0.47285187244415283,0
1,0.46935996413230896,0
0,0.4618648290634155,0
0,0.4701479375362396,0
0,0.46714651584625244,0
1,0.4721994996070862,0
1,0.4736742377281189,0
0,0.45682618021965027,0
1,0.46082207560539246,0
1,0.4739226996898651,0
1,0.46605077385902405,0
0,0.4691421091556549,0
0,0.469798743724823,0
0,0.4549486041069031,0
0,0.4675455093383789,0
1,0.46432989835739136,0
0,0.4672240614891052,0
1,0.4735521674156189,0
0,0.4703064560890198,0
1,0.4727444350719452,0
1,0.4647601246833801,0
1,0.46090129017829895,0
1,0.4682118892669678,0
0,0.4739902913570404,0
1,0.4739665687084198,0
1,0.4727124571800232,0
0,0.4696471393108368,0
1,0.46862998604774475,0
0,0.46824896335601807,0
1,0.4508730173110962,0
1,0.4719952344894409,0
1,0.4728001654148102,0
1,0.4648567736148834,0
0,0.4708274304866791,0
1,0.4702838957309723,0
1,0.46041861176490784,0
1,0.46713918447494507,0
0,0.473061740398407,0
0,0.45252275466918945,0
1,0.47257867455482483,0
0,0.4697023630142212,0
0,0.4696946442127228,0
1,0.455102801322937,0
0,0.4673539102077484,0
0,0.46987220644950867,0
0,0.45471665263175964,0
1,0.4727309048175812,0
0,0.4662381410598755,0
1,0.4686168432235718,0
0,0.47122257947921753,0
1,0.47102421522140503,0
0,0.471950888633728,0
0,0.4680384397506714,0
1,0.47320622205734253,0
1,0.46630746126174927,0
0,0.46658456325531006,0
0,0.4734741747379303,0
0,0.4729447066783905,0
1,0.4709394574165344,0
1,0.4727020263671875,0
0,0.455168753862381,0
0,0.46987274289131165,0
1,0.47307685017585754,0
0,0.46695420145988464,0
1,0.4706554114818573,0
1,0.47373437881469727,0
1,0.4669678211212158,0
1,0.4712260067462921,0
1,0.47255706787109375,0
1,0.47110432386398315,0
1,0.4670211672782898,0
0,0.46462780237197876,0
0,0.4694928824901581,0
0,0.47267645597457886,0
0,0.4701859951019287,0
0,0.4714846611022949,0
1,0.45215854048728943,0
0,0.46598905324935913,0
0,0.46565505862236023,0
1,0.47274401783943176,0
0,0.4724746644496918,0
0,0.4687840938568115,0
0,0.4703011214733124,0
1,0.4670417606830597,0
0,0.4703204333782196,0
1,0.4675186574459076,0
1,0.4723556935787201,0
1,0.4653092324733734,0
0,0.4702463448047638,0
0,0.47278493642807007,0
0,0.4729645550251007,0
0,0.46752023696899414,0
0,0.472516804933548,0
1,0.47278228402137756,0
1,0.45667627453804016,0
0,0.4674209654331207,0
1,0.46489736437797546,0
0,0.4697847366333008,0
1,0.4692160487174988,0
1,0.46452653408050537,0
0,0.4702169895172119,0
0,0.4581465721130371,0
1,0.46966853737831116,0
1,0.46965092420578003,0
1,0.46221551299095154,0
1,0.46969616413116455,0
1,0.4615875482559204,0
0,0.4524382948875427,0
1,0.4684423506259918,0
0,0.46158623695373535,0
0,0.4659578800201416,0
1,0.46130073070526123,0
0,0.4714107811450958,0
0,0.47366195917129517,0
1,0.4725476801395416,0
0,0.46978360414505005,0
1,0.4703861176967621,0
0,0.47145795822143555,0
0,0.469634473323822,0
0,0.4739716351032257,0
1,0.47013649344444275,0
1,0.472652792930603,0
1,0.47098827362060547,0
1,0.4726295471191406,0
1,0.4728213846683502,0
0,0.4655842185020447,0
0,0.4710789918899536,0
0,0.46934664249420166,0
1,0.45631474256515503,0
1,0.4732513725757599,0
1,0.4638992249965668,0
0,0.460862398147583,0
1,0.47061052918434143,0
0,0.4545263350009918,0
1,0.4608442485332489,0
1,0.47357338666915894,0
0,0.4619123339653015,0
1,0.4697166085243225,0
0,0.4719485640525818,0
0,0.4724765717983246,0
1,0.472445547580719,0
0,0.4680807590484619,0
1,0.4727409780025482,0
0,0.44821470975875854,0
0,0.4546336829662323,0
1,0.46619275212287903,0
1,0.4640555679798126,0
1,0.4639418125152588,0
0,0.47182804346084595,0
1,0.4706254005432129,0
1,0.4674485921859741,0
1,0.4547787010669708,0
1,0.4715730845928192,0
0,0.4736563265323639,0
0,0.469329833984375,0
0,0.47130441665649414,0
0,0.47054019570350647,0
0,0.472260057926178,0
1,0.47003862261772156,0
0,0.46983978152275085,0
0,0.4738936722278595,0
1,0.4701403081417084,0
1,0.4696519672870636,0
0,0.4721425771713257,0
1,0.47071531414985657,0
0,0.4737028181552887,0
0,0.47322705388069153,0
1,0.45772585272789,0
0,0.4690217077732086,0
0,0.4722636640071869,0
0,0.4552467167377472,0
0,0.45330581068992615,0
1,0.4719952940940857,0
1,0.47150135040283203,0
0,0.47244933247566223,0
0,0.4653782248497009,0
1,0.4712770879268646,0
1,0.4725043475627899,0
1,0.46918755769729614,0
0,0.47203612327575684,0
0,0.46195298433303833,0
1,0.46427685022354126,0
0,0.46961864829063416,0
1,0.46640756726264954,0
1,0.472851037979126,0
0,0.4630747437477112,0
1,0.4676772952079773,0
0,0.47171735763549805,0
1,0.46749943494796753,0
0,0.46861186623573303,0
0,0.46884188055992126,0
1,0.45890378952026367,0
1,0.47161540389060974,0
0,0.46133390069007874,0
0,0.47128230333328247,0
0,0.469619482755661,0
1,0.47079211473464966,0
0,0.4570651352405548,0
0,0.46121394634246826,0
0,0.4729234278202057,0
0,0.4675658345222473,0
1,0.4728972911834717,0
1,0.4722040295600891,0
0,0.46547991037368774,0
0,0.4732933044433594,0
0,0.47287511825561523,0
1,0.464093953371048,0
0,0.468863844871521,0
1,0.4530971348285675,0
0,0.46596238017082214,0
1,0.46796688437461853,0
0,0.46790069341659546,0
0,0.46720314025878906,0
0,0.4692174196243286,0
0,0.468833327293396,0
0,0.4563811123371124,0
0,0.46922680735588074,0
1,0.45821520686149597,0
0,0.4705566167831421,0
0,0.4700222909450531,0
1,0.4681321680545807,0
1,0.46708959341049194,0
1,0.46194368600845337,0
0,0.46848562359809875,0
1,0.46908169984817505,0
0,0.4647311866283417,0
1,0.4666076600551605,0
0,0.46999016404151917,0
0,0.47152993083000183,0
0,0.4724939167499542,0
0,0.47267910838127136,0
1,0.47338995337486267,0
0,0.4648987948894501,0
0,0.45883703231811523,0
1,0.4695286452770233,0
1,0.4713689982891083,0
1,0.4653457999229431,0
0,0.4633099138736725,0
0,0.4706374406814575,0
0,0.4696531295776367,0
1,0.46944066882133484,0
1,0.4720495641231537,0
1,0.46506598591804504,0
0,0.46379053592681885,0
0,0.4683782160282135,0
0,0.45529448986053467,0
1,0.47253844141960144,0
0,0.45587262511253357,0
1,0.4696507155895233,0
1,0.47304728627204895,0
1,0.46435046195983887,0
1,0.4550616443157196,0
0,0.46168094873428345,0
1,0.464632511138916,0
0,0.4730254113674164,0
0,0.472494512796402,0
1,0.4741518795490265,0
1,0.459369957447052,0
1,0.46960413455963135,0
0,0.4725903272628784,0
0,0.4726014733314514,0
0,0.47273075580596924,0
1,0.46903035044670105,0
0,0.4697880744934082,0
0,0.4685770571231842,0
0,0.4725213944911957,0
0,0.4605392515659332,0
1,0.4675925374031067,0
0,0.4653205871582031,0
1,0.4612581133842468,0
1,0.46928441524505615,0
1,0.47314515709877014,0
0,0.4667681157588959,0
1,0.4646156132221222,0
1,0.45797479152679443,0
1,0.4611760675907135,0
1,0.4620760381221771,0
1,0.47090619802474976,0
1,0.4696615934371948,0
0,0.4639170169830322,0
1,0.4726148843765259,0
0,0.47306084632873535,0
1,0.4678473472595215,0
1,0.46770671010017395,0
1,0.4577242434024811,0
0,0.47315651178359985,0
1,0.4553387761116028,0
0,0.45606470108032227,0
1,0.47062861919403076,0
1,0.45302075147628784,0
0,0.4545225501060486,0
0,0.4615020453929901,0
1,0.4641648530960083,0
1,0.4631735384464264,0
1,0.4723397195339203,0
1,0.4645501971244812,0
0,0.457664430141449,0
1,0.4712887406349182,0
0,0.46446382999420166,0
0,0.472750723361969,0
1,0.46973881125450134,0
1,0.4645594656467438,0
0,0.4609434902667999,0
0,0.4729948043823242,0
1,0.4585472345352173,0
1,0.47277459502220154,0
1,0.4682425260543823,0
1,0.4675936698913574,0
0,0.4705713391304016,0
0,0.4730759859085083,0
1,0.47053349018096924,0
1,0.47181975841522217,0
0,0.4610031545162201,0
1,0.4593483805656433,0
1,0.4694567322731018,0
0,0.47393491864204407,0
0,0.4738234281539917,0
1,0.4706539213657379,0
0,0.4667016267776489,0
1,0.4720073342323303,0
0,0.4722561836242676,0
0,0.46832528710365295,0
0,0.47252246737480164,0
0,0.46016618609428406,0
1,0.47318145632743835,0
1,0.4729142487049103,0
1,0.46096739172935486,0
0,0.4718705415725708,0
1,0.4659719467163086,0
1,0.46641653776168823,0
1,0.4720122814178467,0
1,0.46599081158638,0
1,0.4724818468093872,0
0,0.4646205008029938,0
1,0.4728289544582367,0
0,0.4711483418941498,0
1,0.47060471773147583,0
0,0.4724196195602417,0
1,0.4674472212791443,0
0,0.4696585536003113,0
1,0.4699133336544037,0
0,0.47232529520988464,0
1,0.4731295108795166,0
0,0.47265952825546265,0
0,0.4689692258834839,0
0,0.4731445014476776,0
1,0.47149282693862915,0
1,0.46562299132347107,0
0,0.46672359108924866,0
1,0.46735259890556335,0
0,0.47110220789909363,0
1,0.4624897837638855,0
0,0.4618697762489319,0
0,0.4564740061759949,0
1,0.4731053411960602,0
0,0.46068915724754333,0
1,0.4662780165672302,0
0,0.47186094522476196,0
1,0.4727359116077423,0
1,0.4619322717189789,0
1,0.4696517586708069,0
0,0.46686792373657227,0
0,0.4664885401725769,0
1,0.47058558464050293,0
0,0.46984875202178955,0
1,0.4711146950721741,0
1,0.47306180000305176,0
0,0.470111221075058,0
0,0.4720594584941864,0
0,0.4552628695964813,0
1,0.4627871811389923,0
0,0.466663658618927,0
0,0.4730144143104553,0
0,0.46973350644111633,0
0,0.46626219153404236,0
0,0.47003650665283203,0
1,0.4731060862541199,0
1,0.473779559135437,0
1,0.46991580724716187,0
0,0.4705173969268799,0
0,0.47033050656318665,0
0,0.46834954619407654,0
0,0.45933735370635986,0
1,0.4646258056163788,0
0,0.47259506583213806,0
1,0.468520849943161,0
0,0.47148382663726807,0
1,0.4553917646408081,0
1,0.47057071328163147,0
1,0.4724942445755005,0
1,0.4635722041130066,0
1,0.47237080335617065,0
1,0.4658031463623047,0
1,0.4596656858921051,0
1,0.46484285593032837,0
1,0.46196091175079346,0
0,0.465814471244812,0
0,0.47327616810798645,0
1,0.4626471996307373,0
0,0.4686507284641266,0
1,0.4635007083415985,0
1,0.4689663350582123,0
1,0.468683660030365,0
0,0.46848979592323303,0
1,0.4683886170387268,0
1,0.4721609652042389,0
0,0.4731660783290863,0
1,0.4580162465572357,0
1,0.4690576493740082,0
1,0.45917361974716187,0
1,0.4726980924606323,0
0,0.47286349534988403,0
1,0.45388856530189514,0
1,0.45527082681655884,0
1,0.4696544408798218,0
1,0.4700537323951721,0
1,0.4580530822277069,0
1,0.46997687220573425,0
1,0.4739437997341156,0
0,0.47271087765693665,0
1,0.47010350227355957,0
0,0.4693223834037781,0
0,0.470167338848114,0
1,0.464760422706604,0
1,0.4719623625278473,0
1,0.4696427285671234,0
0,0.4568791389465332,0
1,0.4654042422771454,0
0,0.45302149653434753,0
0,0.472465455532074,0
0,0.4696517586708069,0
0,0.46164706349372864,0
1,0.47016507387161255,0
1,0.45636701583862305,0
1,0.45262619853019714,0
0,0.4698755741119385,0
0,0.46486783027648926,0
1,0.4701647460460663,0
1,0.4705820083618164,0
1,0.47216394543647766,0
0,0.4574297368526459,0
1,0.4715717136859894,0
0,0.46769341826438904,0
1,0.4585908353328705,0
0,0.47323083877563477,0
1,0.47278136014938354,0
0,0.464627206325531,0
0,0.4571269154548645,0
1,0.46561792492866516,0
1,0.46971362829208374,0
0,0.45304399728775024,0
0,0.4717780351638794,0
0,0.4534348249435425,0
1,0.47304579615592957,0
0,0.4662262797355652,0
0,0.4724580645561218,0
0,0.45484721660614014,0
0,0.4584028422832489,0
0,0.4631951153278351,0
0,0.4663073420524597,0
0,0.4709535539150238,0
1,0.4625200033187866,0
1,0.46245643496513367,0
1,0.46875521540641785,0
0,0.4611813426017761,0
1,0.4695332646369934,0
0,0.4658307135105133,0
1,0.4693494737148285,0
1,0.4610716700553894,0
1,0.4682803750038147,0
1,0.47133561968803406,0
0,0.47269031405448914,0
0,0.4653486907482147,0
0,0.4685569703578949,0
1,0.4739691913127899,0
1,0.46285897493362427,0
0,0.47277918457984924,0
1,0.47273996472358704,0
0,0.47038906812667847,0
0,0.46834635734558105,0
0,0.45301541686058044,0
0,0.45985373854637146,0
1,0.46057331562042236,0
0,0.4669632315635681,0
1,0.47269073128700256,0
1,0.4674416184425354,0
1,0.4656977653503418,0
1,0.46731698513031006,0
0,0.46849796175956726,0
0,0.46746379137039185,0
0,0.46142780780792236,0
0,0.46021655201911926,0
0,0.45478078722953796,0
0,0.4722868502140045,0
1,0.47182783484458923,0
1,0.4698447287082672,0
1,0.4686377942562103,0
1,0.469516396522522,0
1,0.46966198086738586,0
0,0.46588096022605896,0
1,0.47109565138816833,0
1,0.4701458215713501,0
0,0.4611361026763916,0
1,0.4628485441207886,0
0,0.46236324310302734,0
0,0.4557194411754608,0
1,0.4710279405117035,0
1,0.47323548793792725,0
0,0.4693223834037781,0
0,0.4734436571598053,0
0,0.4724532663822174,0
1,0.47247934341430664,0
0,0.4711717367172241,0
0,0.46176329255104065,0
0,0.46946829557418823,0
1,0.4642220735549927,0
0,0.45344090461730957,0
1,0.46596625447273254,0
0,0.46781668066978455,0
1,0.47219786047935486,0
1,0.4541526436805725,0
0,0.4535331428050995,0
0,0.4679727554321289,0
1,0.4735428988933563,0
0,0.45487478375434875,0
1,0.4609437882900238,0
1,0.4627525508403778,0
1,0.4714665412902832,0
1,0.4542142152786255,0
1,0.44528162479400635,0
0,0.4630923271179199,0
1,0.46855124831199646,0
1,0.4710409343242645,0
0,0.4697161316871643,0
1,0.47050994634628296,0
0,0.4620048999786377,0
1,0.45927751064300537,0
1,0.47261279821395874,0
0,0.47281116247177124,0
0,0.4720252454280853,0
1,0.4678354263305664,0
1,0.4737197756767273,0
0,0.46254056692123413,0
1,0.4696825444698334,0
1,0.4724947214126587,0
1,0.46842408180236816,0
1,0.4681340456008911,0
0,0.46736276149749756,0
0,0.4646267890930176,0
1,0.4526955485343933,0
0,0.4617924690246582,0
1,0.47081997990608215,0
0,0.4728131890296936,0
1,0.47269994020462036,0
1,0.4738397002220154,0
0,0.4677254855632782,0
0,0.46964699029922485,0
1,0.4726034998893738,0
1,0.47241857647895813,0
0,0.46937477588653564,0
1,0.4730952978134155,0
0,0.46820569038391113,0
0,0.45476943254470825,0
0,0.46181753277778625,0
0,0.4646497368812561,0
0,0.47090449929237366,0
0,0.4553317725658417,0
0,0.4654095470905304,0
1,0.469736248254776,0
1,0.4687331020832062,0
1,0.4709482192993164,0
0,0.4727625548839569,0
1,0.4670383334159851,0
0,0.46639591455459595,0
0,0.4733443260192871,0
0,0.47274667024612427,0
1,0.47255226969718933,0
0,0.47327926754951477,0
1,0.46980246901512146,0
0,0.47353580594062805,0
1,0.4696776270866394,0
1,0.4572369456291199,0
1,0.4524036645889282,0
1,0.4667300283908844,0
1,0.46458005905151367,0
0,0.4669000208377838,0
0,0.46461349725723267,0
1,0.4722939729690552,0
0,0.4604649543762207,0
0,0.4655982255935669,0
0,0.46561357378959656,0
1,0.4727521240711212,0
1,0.4625411927700043,0
0,0.4732827842235565,0
1,0.47275418043136597,0
1,0.46176064014434814,0
1,0.4696519374847412,0
1,0.47268158197402954,0
0,0.4739827811717987,0
1,0.47309765219688416,0
0,0.4727490246295929,0
0,0.4649081826210022,0
1,0.4643491208553314,0
0,0.46961528062820435,0
1,0.46968722343444824,0
0,0.47343990206718445,0
0,0.4725562036037445,0
0,0.4689186215400696,0
0,0.4727185368537903,0
1,0.46974360942840576,0
1,0.4639263153076172,0
1,0.4548987150192261,0
0,0.47107115387916565,0
1,0.4551101326942444,0
0,0.459894597530365,0
1,0.47396618127822876,0
0,0.4732646346092224,0
0,0.4705069363117218,0
0,0.4659408926963806,0
0,0.4615449011325836,0
0,0.470664918422699,0
0,0.4554315209388733,0
1,0.4720480442047119,0
1,0.4698183238506317,0
0,0.47283145785331726,0
0,0.4667719900608063,0
0,0.46702834963798523,0
0,0.4710442125797272,0
0,0.45602765679359436,0
1,0.47246527671813965,0
1,0.4593571722507477,0
0,0.46706917881965637,0
0,0.4570029377937317,0
0,0.46879321336746216,0
0,0.47000691294670105,0
0,0.4563603699207306,0
0,0.4710262417793274,0
1,0.47393640875816345,0
1,0.46717098355293274,0
0,0.46466168761253357,0
0,0.4589788019657135,0
0,0.4707642197608948,0
0,0.4729171395301819,0
0,0.47056469321250916,0
0,0.45505738258361816,0
0,0.47024646401405334,0
1,0.46810677647590637,0
0,0.47240787744522095,0
0,0.4694404602050781,0
1,0.4726230800151825,0
0,0.4743361473083496,0
0,0.4725092053413391,0
1,0.46769022941589355,0
0,0.472718745470047,0
0,0.46667197346687317,0
1,0.4593918025493622,0
0,0.4607169032096863,0
1,0.4660034477710724,0
1,0.46552014350891113,0
1,0.4666180908679962,0
0,0.4726327955722809,0
0,0.47396886348724365,0
0,0.4708383083343506,0
0,0.4613843560218811,0
0,0.46845972537994385,0
0,0.4725905954837799,0
0,0.4738748371601105,0
0,0.47315946221351624,0
0,0.4704055190086365,0
0,0.47275862097740173,0
0,0.4727470874786377,0
0,0.47371694445610046,0
1,0.4689860939979553,0
0,0.4626598656177521,0
1,0.46463117003440857,0
0,0.4712378680706024,0
1,0.4738316833972931,0
0,0.47181031107902527,0
1,0.47210729122161865,0
0,0.46696558594703674,0
0,0.47236254811286926,0
1,0.4700082838535309,0
0,0.46472877264022827,0
1,0.4659885764122009,0
1,0.46800491213798523,0
0,0.4599890112876892,0
0,0.4629530906677246,0
0,0.4609749913215637,0
0,0.46461835503578186,0
0,0.47117504477500916,0
1,0.4696555435657501,0
1,0.4696009159088135,0
1,0.4697735905647278,0
1,0.46965208649635315,0
1,0.4737982749938965,0
1,0.4697236120700836,0
1,0.45259296894073486,0
1,0.4610770046710968,0
1,0.47023001313209534,0
0,0.4688015878200531,0
1,0.4648038148880005,0
0,0.4683689475059509,0
1,0.46043771505355835,0
0,0.4720771908760071,0
1,0.4585620164871216,0
1,0.46699756383895874,0
0,0.47248268127441406,0
1,0.4716859459877014,0
1,0.4586755931377411,0
1,0.4710835814476013,0
1,0.47008976340293884,0
0,0.4576641321182251,0
1,0.4722245931625366,0
0,0.47169995307922363,0
0,0.46742963790893555,0
1,0.4704035222530365,0
0,0.470242977142334,0
1,0.4725662171840668,0
0,0.4726726710796356,0
0,0.4666328728199005,0
1,0.47062191367149353,0
1,0.461596816778183,0
0,0.4670807719230652,0
0,0.47034940123558044,0
0,0.4648294448852539,0
1,0.46895700693130493,0
1,0.4673509895801544,0
0,0.4727563261985779,0
0,0.4663464426994324,0
0,0.4708481431007385,0
1,0.45957711338996887,0
0,0.4714394211769104,0
1,0.46855270862579346,0
1,0.46098557114601135,0
1,0.47102653980255127,0
0,0.47024592757225037,0
0,0.4688306152820587,0
0,0.46966028213500977,0
0,0.4479646384716034,0
1,0.4648815989494324,0
1,0.4733504056930542,0
0,0.4687432050704956,0
1,0.4720626473426819,0
0,0.45512449741363525,0
0,0.46757063269615173,0
0,0.45436349511146545,0
1,0.4715050160884857,0
1,0.47171151638031006,0
1,0.4581558406352997,0
1,0.472719669342041,0
0,0.46967852115631104,0
1,0.456376850605011,0
1,0.46591174602508545,0
1,0.46971362829208374,0
0,0.46063077449798584,0
1,0.4739524722099304,0
0,0.4663510024547577,0
0,0.46966418623924255,0
0,0.46725162863731384,0
1,0.45561477541923523,0
1,0.46379750967025757,0
1,0.4702870547771454,0
1,0.4620244801044464,0
0,0.47249263525009155,0
0,0.45605549216270447,0
0,0.4704463481903076,0
0,0.4642026424407959,0
0,0.4696563482284546,0
0,0.4698337912559509,0
1,0.47037073969841003,0
0,0.4559325873851776,0
1,0.4731341600418091,0
1,0.4695436656475067,0
0,0.4687521159648895,0
1,0.47215819358825684,0
1,0.4607316851615906,0
0,0.4713638424873352,0
1,0.470759779214859,0
1,0.471533864736557,0
0,0.46430954337120056,0
1,0.46598899364471436,0
1,0.470040887594223,0
1,0.47064918279647827,0
1,0.4739639461040497,0
0,0.4642714560031891,0
0,0.46890881657600403,0
1,0.45649436116218567,0
0,0.47332999110221863,0
1,0.4576251804828644,0
0,0.47216978669166565,0
0,0.46947208046913147,0
0,0.4581577777862549,0
1,0.46809008717536926,0
1,0.46942847967147827,0
0,0.4717176556587219,0
0,0.4718899428844452,0
0,0.4610567092895508,0
1,0.46669429540634155,0
1,0.4726945757865906,0
0,0.46171408891677856,0
0,0.4702495038509369,0
1,0.47368666529655457,0
0,0.46237713098526,0
0,0.4591245651245117,0
0,0.46686115860939026,0
1,0.4667491912841797,0
0,0.4670349061489105,0
1,0.4739757180213928,0
0,0.4719327390193939,0
1,0.4729122221469879,0
0,0.4642117917537689,0
0,0.46693018078804016,0
0,0.47096341848373413,0
0,0.46509799361228943,0
0,0.4708816707134247,0
0,0.4539075493812561,0
0,0.46548306941986084,0
1,0.46655747294425964,0
0,0.4590762257575989,0
0,0.4646962881088257,0
0,0.4538472592830658,0
0,0.46572381258010864,0
0,0.4625197649002075,0
1,0.45901286602020264,0
1,0.46111735701560974,0
0,0.4653795659542084,0
0,0.4648002088069916,0
1,0.46992558240890503,0
0,0.46274611353874207,0
0,0.46673014760017395,0
0,0.46865418553352356,0
0,0.4711017906665802,0
1,0.45688870549201965,0
0,0.4691706597805023,0
0,0.46869438886642456,0
0,0.47281745076179504,0
1,0.4545226991176605,0
0,0.4697078764438629,0
0,0.47286397218704224,0
0,0.4617977440357208,0
0,0.4715259075164795,0
0,0.46973398327827454,0
1,0.4677377939224243,0
1,0.4609372317790985,0
1,0.45786595344543457,0
0,0.4688085913658142,0
1,0.46097123622894287,0
1,0.46549084782600403,0
0,0.4702966511249542,0
1,0.4648309051990509,0
0,0.4727661907672882,0
0,0.4723118543624878,0
0,0.4692316949367523,0
1,0.4685342311859131,0
0,0.47263091802597046,0
1,0.46821534633636475,0
0,0.4722057282924652,0
1,0.4711107909679413,0
0,0.47255438566207886,0
0,0.46527981758117676,0
0,0.4715711772441864,0
1,0.4653448462486267,0
0,0.4702371656894684,0
0,0.4672403037548065,0
1,0.45344725251197815,0
0,0.4728851020336151,0
0,0.4686645567417145,0
0,0.46429988741874695,0
1,0.47168540954589844,0
1,0.4717455208301544,0
0,0.4702155590057373,0
0,0.46002280712127686,0
0,0.4708441197872162,0
0,0.47384077310562134,0
0,0.47290104627609253,0
0,0.4727488160133362,0
0,0.4732535183429718,0
1,0.46868595480918884,0
1,0.4553115963935852,0
1,0.4729158580303192,0
0,0.4658642113208771,0
0,0.4728739559650421,0
0,0.4696443974971771,0
1,0.4739729166030884,0
0,0.46884995698928833,0
1,0.4559665024280548,0
0,0.4638877213001251,0
0,0.469705194234848,0
1,0.4688534736633301,0
0,0.4666663706302643,0
0,0.4700978398323059,0
1,0.46235477924346924,0
1,0.4696637690067291,0
0,0.46960633993148804,0
1,0.47333982586860657,0
1,0.4691143333911896,0
1,0.4689282178878784,0
0,0.46579957008361816,0
1,0.46717706322669983,0
0,0.4554327130317688,0
1,0.46227961778640747,0
0,0.4631127715110779,0
1,0.46402865648269653,0
0,0.4729987382888794,0
0,0.46688517928123474,0
1,0.4606182277202606,0
0,0.47340264916419983,0
1,0.47271865606307983,0
0,0.4608564078807831,0
1,0.4704241454601288,0
0,0.46965208649635315,0
0,0.4668179154396057,0
0,0.45953261852264404,0
1,0.46736159920692444,0
0,0.4686775803565979,0
1,0.4647553861141205,0
0,0.4696676433086395,0
0,0.4723038673400879,0
0,0.46391281485557556,0
0,0.46371448040008545,0
1,0.4732123017311096,0
1,0.4703766107559204,0
1,0.46509790420532227,0
0,0.4615018367767334,0
1,0.45731791853904724,0
0,0.46180644631385803,0
1,0.46771129965782166,0
1,0.46826303005218506,0
1,0.46808481216430664,0
0,0.4633314311504364,0
0,0.46519002318382263,0
1,0.47123485803604126,0
1,0.464180052280426,0
0,0.46167171001434326,0
1,0.46736499667167664,0
0,0.4724838137626648,0
1,0.4738978445529938,0
1,0.459537148475647,0
1,0.46770671010017395,0
1,0.4612690806388855,0
1,0.46979936957359314,0
0,0.471039354801178,0
0,0.4711313247680664,0
1,0.4716930389404297,0
1,0.4700022041797638,0
0,0.4730921983718872,0
0,0.46858319640159607,0
0,0.46108511090278625,0
0,0.46981126070022583,0
1,0.4725605845451355,0
0,0.47210535407066345,0
0,0.46417883038520813,0
1,0.4725160598754883,0
1,0.4629964828491211,0
0,0.4738956093788147,0
1,0.47319746017456055,0
0,0.47113358974456787,0
1,0.47119197249412537,0
1,0.4624473452568054,0
0,0.46225520968437195,0
1,0.4689171016216278,0
0,0.45925337076187134,0
0,0.4523308575153351,0
0,0.4727171063423157,0
1,0.47281062602996826,0
0,0.46670714020729065,0
1,0.4630391001701355,0
1,0.4732512831687927,0
1,0.4729524850845337,0
1,0.45194941759109497,0
0,0.4688172936439514,0
1,0.45909079909324646,0
0,0.46964865922927856,0
0,0.46142059564590454,0
0,0.4696558713912964,0
1,0.46914613246917725,0
0,0.4680231809616089,0
1,0.4684164524078369,0
1,0.4709039628505707,0
0,0.4672466516494751,0
1,0.46273645758628845,0
1,0.4727383553981781,0
1,0.4638165235519409,0
1,0.4553552567958832,0
1,0.4712132513523102,0
1,0.46204423904418945,0
1,0.4731353223323822,0
0,0.46919751167297363,0
0,0.45166394114494324,0
1,0.4710160791873932,0
0,0.47246235609054565,0
1,0.4682110548019409,0
0,0.47248563170433044,0
1,0.4727461338043213,0
0,0.459852933883667,0
0,0.46653640270233154,0
1,0.46719688177108765,0
0,0.4717627465724945,0
1,0.47305452823638916,0
1,0.4730381667613983,0
1,0.47075244784355164,0
1,0.47240206599235535,0
0,0.47320273518562317,0
1,0.466541051864624,0
0,0.4611922800540924,0
0,0.4676291346549988,0
1,0.4719845652580261,0
0,0.47217637300491333,0
0,0.4711000919342041,0
1,0.47360631823539734,0
0,0.46110638976097107,0
1,0.4707646369934082,0
0,0.47050487995147705,0
1,0.472253680229187,0
1,0.47273164987564087,0
0,0.46966537833213806,0
0,0.4728725254535675,0
1,0.4619236886501312,0
1,0.4725520610809326,0
0,0.4626157581806183,0
0,0.45548608899116516,0
0,0.4681687355041504,0
1,0.4696125388145447,0
1,0.46966153383255005,0
0,0.47082120180130005,0
1,0.46043530106544495,0
0,0.46284517645835876,0
1,0.4739276170730591,0
0,0.46469783782958984,0
0,0.46949583292007446,0
0,0.4719897508621216,0
1,0.45735791325569153,0
1,0.4690987765789032,0
1,0.46577465534210205,0
1,0.4728246033191681,0
0,0.4616219103336334,0
1,0.47208428382873535,0
0,0.4617455005645752,0
1,0.45665931701660156,0
0,0.46524688601493835,0
0,0.4728369414806366,0
0,0.45751744508743286,0
1,0.47207507491111755,0
1,0.4682609736919403,0
0,0.46643978357315063,0
1,0.47303467988967896,0
1,0.46535736322402954,0
0,0.46100106835365295,0
1,0.4728347659111023,0
0,0.4710110127925873,0
1,0.4735984206199646,0
0,0.45360520482063293,0
0,0.4580174684524536,0
1,0.4707406163215637,0
0,0.4578331708908081,0
1,0.4722119867801666,0
1,0.4662773311138153,0
1,0.4696666896343231,0
0,0.47286924719810486,0
1,0.4727478623390198,0
1,0.4719667136669159,0
1,0.47081252932548523,0
0,0.4715772271156311,0
0,0.4572566747665405,0
1,0.47354856133461,0
0,0.46579140424728394,0
0,0.46253541111946106,0
0,0.4675215482711792,0
1,0.4529260993003845,0
0,0.46543604135513306,0
0,0.4738958179950714,0
0,0.47234106063842773,0
0,0.47008654475212097,0
0,0.46144312620162964,0
0,0.4738023579120636,0
0,0.47303900122642517,0
1,0.46727225184440613,0
0,0.47065290808677673,0
1,0.47176265716552734,0
1,0.4731609523296356,0
0,0.4729166030883789,0
1,0.4641786217689514,0
0,0.46979275345802307,0
1,0.47002896666526794,0
0,0.4604048728942871,0
1,0.47279468178749084,0
0,0.47269877791404724,0
0,0.4630228877067566,0
1,0.4729766547679901,0
0,0.47089096903800964,0
1,0.47307687997817993,0
0,0.4655492305755615,0
0,0.46788811683654785,0
1,0.47276613116264343,0
0,0.47319692373275757,0
0,0.4733029305934906,0
0,0.4543912708759308,0
1,0.4730163514614105,0
1,0.4697429835796356,0
1,0.4726801812648773,0
0,0.4633302390575409,0
1,0.47086548805236816,0
0,0.4608728587627411,0
1,0.47037073969841003,0
1,0.46201232075691223,0
0,0.4708591401576996,0
1,0.4728491008281708,0
0,0.4583800435066223,0
0,0.4713616371154785,0
1,0.4598744809627533,0
0,0.4727574288845062,0
0,0.47231388092041016,0
0,0.4730621576309204,0
0,0.46998247504234314,0
1,0.4570000171661377,0
1,0.47000059485435486,0
0,0.47158655524253845,0
0,0.47228148579597473,0
0,0.4696543514728546,0
0,0.4662754535675049,0
1,0.4676470160484314,0
1,0.47001633048057556,0
1,0.47082415223121643,0
0,0.4533561170101166,0
0,0.46999573707580566,0
1,0.47269999980926514,0
0,0.47115015983581543,0
1,0.46804502606391907,0
1,0.4722357988357544,0
0,0.4677117168903351,0
1,0.4727550446987152,0
0,0.45460718870162964,0
1,0.4699676036834717,0
0,0.47174057364463806,0
0,0.4671999216079712,0
0,0.4673232138156891,0
0,0.4706357717514038,0
0,0.46354618668556213,0
0,0.4697185158729553,0
0,0.46617063879966736,0
1,0.4548174738883972,0
1,0.472872793674469,0
0,0.4657689034938812,0
1,0.47185319662094116,0
0,0.4733976423740387,0
0,0.46595466136932373,0
1,0.47243592143058777,0
1,0.46564874053001404,0
0,0.4728851616382599,0
1,0.4673054814338684,0
0,0.4642813205718994,0
0,0.4702674448490143,0
0,0.4663901925086975,0
1,0.47354066371917725,0
0,0.45537635684013367,0
1,0.46484965085983276,0
0,0.46035462617874146,0
1,0.4702068567276001,0
1,0.4531766474246979,0
1,0.47290781140327454,0
0,0.4698536992073059,0
1,0.46107247471809387,0
1,0.46109655499458313,0
1,0.4726761281490326,0
0,0.4713655412197113,0
1,0.46194615960121155,0
0,0.4645047187805176,0
0,0.457684189081192,0
0,0.47275614738464355,0
1,0.4604194164276123,0
1,0.4652600884437561,0
0,0.4739784896373749,0
0,0.47298315167427063,0
0,0.4709528386592865,0
1,0.472167432308197,0
1,0.46965503692626953,0
0,0.46690264344215393,0
0,0.46832576394081116,0
1,0.4650876820087433,0
1,0.46978485584259033,0
0,0.4730554521083832,0
0,0.4689446687698364,0
0,0.47109025716781616,0
1,0.45533043146133423,0
0,0.4701401889324188,0
0,0.4602202773094177,0
0,0.46926257014274597,0
1,0.46988874673843384,0
0,0.4686433970928192,0
1,0.464243084192276,0
0,0.45939019322395325,0
1,0.47378629446029663,0
0,0.46860799193382263,0
1,0.46209535002708435,0
0,0.4676644802093506,0
0,0.4691350758075714,0
1,0.46392205357551575,0
1,0.4714640974998474,0
0,0.47221633791923523,0
0,0.47256261110305786,0
1,0.46970003843307495,0
0,0.469727098941803,0
1,0.4711262285709381,0
0,0.46396684646606445,0
1,0.4631809890270233,0
1,0.4670296013355255,0
1,0.46860307455062866,0
0,0.4595288336277008,0
1,0.46810591220855713,0
1,0.46365195512771606,0
0,0.4607274830341339,0
0,0.4668392241001129,0
1,0.4645751118659973,0
1,0.47311919927597046,0
0,0.46446850895881653,0
1,0.46702417731285095,0
0,0.4718787968158722,0
1,0.47238388657569885,0
1,0.4652090072631836,0
0,0.4706145226955414,0
0,0.45483848452568054,0
0,0.4609682559967041,0
1,0.4634299576282501,0
0,0.4706588387489319,0
0,0.4665476083755493,0
1,0.4710097312927246,0
0,0.4706600606441498,0
1,0.4634952247142792,0
1,0.46791762113571167,0
0,0.4540388882160187,0
1,0.4669231176376343,0
0,0.4593367576599121,0
1,0.4704369008541107,0
0,0.46994614601135254,0
1,0.4716345965862274,0
1,0.47094324231147766,0
0,0.4724012315273285,0
1,0.4727051258087158,0
0,0.4626927673816681,0
1,0.4712251126766205,0
0,0.4642135500907898,0
1,0.46294552087783813,0
1,0.47102609276771545,0
1,0.46030089259147644,0
0,0.46870434284210205,0
1,0.47270095348358154,0
0,0.4685118794441223,0
1,0.4682726562023163,0
0,0.4618473947048187,0
0,0.46891647577285767,0
0,0.4698972702026367,0
0,0.46160194277763367,0
1,0.46546652913093567,0
0,0.4686485230922699,0
1,0.4696130156517029,0
1,0.45605820417404175,0
0,0.4658469259738922,0
1,0.45804715156555176,0
0,0.46967828273773193,0
0,0.47267910838127136,0
0,0.46172070503234863,0
0,0.4728158414363861,0
0,0.46278098225593567,0
0,0.4728059470653534,0
0,0.465583860874176,0
1,0.4615081250667572,0
1,0.4710071384906769,0
0,0.47058674693107605,0
0,0.467292457818985,0
1,0.4716109335422516,0
1,0.47044530510902405,0
0,0.4617191553115845,0
0,0.45931577682495117,0
0,0.4576500356197357,0
1,0.4697580337524414,0
1,0.4572647213935852,0
1,0.46519550681114197,0
0,0.4623784124851227,0
1,0.46100056171417236,0
1,0.456950306892395,0
0,0.460543692111969,0
1,0.4727290868759155,0
0,0.47228771448135376,0
1,0.4560920000076294,0
1,0.4624873101711273,0
0,0.4688437283039093,0
0,0.469787061214447,0
1,0.46965476870536804,0
0,0.46238815784454346,0
1,0.47262895107269287,0
0,0.47254490852355957,0
1,0.46898630261421204,0
0,0.467083215713501,0
1,0.4654777944087982,0
0,0.4575592577457428,0
1,0.4544885456562042,0
1,0.440321683883667,0
0,0.4704138934612274,0
0,0.4631694257259369,0
1,0.4648018479347229,0
1,0.44825834035873413,0
1,0.46430009603500366,0
1,0.47305187582969666,0
0,0.4698747396469116,0
0,0.4710485637187958,0
0,0.467412531375885,0
1,0.4675270617008209,0
1,0.4480322301387787,0
1,0.46209803223609924,0
0,0.46928709745407104,0
1,0.47343385219573975,0
0,0.4659781754016876,0
0,0.47298482060432434,0
0,0.46861129999160767,0
0,0.4688096046447754,0
1,0.4613055884838104,0
0,0.4718829095363617,0
1,0.47343894839286804,0
1,0.46492600440979004,0
1,0.46820953488349915,0
0,0.4699300229549408,0
0,0.4645122289657593,0
0,0.4579300582408905,0
1,0.4631703495979309,0
0,0.45951780676841736,0
0,0.4729849100112915,0
0,0.4688838720321655,0
1,0.4600190222263336,0
1,0.46073222160339355,0
1,0.47179168462753296,0
1,0.4718741178512573,0
1,0.46378621459007263,0
0,0.4738294184207916,0
1,0.4696231484413147,0
0,0.47204098105430603,0
1,0.47186264395713806,0
1,0.4625888168811798,0
0,0.4714236259460449,0
1,0.46452489495277405,0
0,0.47065848112106323,0
1,0.4734393060207367,0
1,0.46380358934402466,0
0,0.47414422035217285,0
0,0.45426496863365173,0
1,0.4725377857685089,0
0,0.4639345109462738,0
1,0.47086602449417114,0
0,0.46672049164772034,0
1,0.4701670706272125,0
0,0.4713490307331085,0
1,0.46164658665657043,0
1,0.47081199288368225,0
1,0.45802974700927734,0
1,0.4732489287853241,0
1,0.4613169729709625,0
1,0.4530577063560486,0
1,0.4575093984603882,0
0,0.46974676847457886,0
1,0.46968984603881836,0
1,0.4724275469779968,0
1,0.4678465723991394,0
1,0.4636644423007965,0
1,0.47208723425865173,0
1,0.472487211227417,0
0,0.4731351137161255,0
1,0.4739407002925873,0
1,0.4640267491340637,0
0,0.46856170892715454,0
1,0.47243884205818176,0
1,0.471478670835495,0
0,0.46086081862449646,0
1,0.47187405824661255,0
1,0.46218326687812805,0
0,0.4712086021900177,0
0,0.4710739552974701,0
0,0.4614163339138031,0
1,0.4695804715156555,0
1,0.46734774112701416,0
0,0.47067970037460327,0
0,0.4650447964668274,0
0,0.47272738814353943,0
0,0.46385642886161804,0
0,0.47254887223243713,0
1,0.47173112630844116,0
1,0.46882012486457825,0
1,0.4694678783416748,0
0,0.4703780710697174,0
0,0.4701511561870575,0
1,0.47255855798721313,0
1,0.4727444350719452,0
1,0.47278356552124023,0
0,0.4700468182563782,0
0,0.45915091037750244,0
0,0.4683725833892822,0
1,0.4697933793067932,0
1,0.46528637409210205,0
0,0.4696088433265686,0
1,0.455493301153183,0
0,0.4717051386833191,0
1,0.45778319239616394,0
1,0.4733608663082123,0
0,0.46448424458503723,0
0,0.46120354533195496,0
0,0.47270771861076355,0
1,0.4595118761062622,0
0,0.4737115800380707,0
1,0.46952658891677856,0
0,0.46786558628082275,0
1,0.4667462408542633,0
1,0.472641259431839,0
0,0.4727798104286194,0
1,0.4714949429035187,0
1,0.46406203508377075,0
0,0.47260135412216187,0
1,0.46977174282073975,0
1,0.46088752150535583,0
1,0.472522497177124,0
0,0.4594273269176483,0
0,0.4679475724697113,0
0,0.4696776866912842,0
1,0.4665527939796448,0
1,0.46620357036590576,0
0,0.47213321924209595,0
0,0.4646177291870117,0
1,0.47242453694343567,0
0,0.4728770852088928,0
1,0.47103068232536316,0
0,0.4591800570487976,0
0,0.46614545583724976,0
1,0.4632481634616852,0
0,0.4670424461364746,0
0,0.46891772747039795,0
1,0.4689033627510071,0
0,0.4728911221027374,0
0,0.4676390290260315,0
1,0.4682806432247162,0
0,0.47294193506240845,0
1,0.4732164740562439,0
1,0.4645487666130066,0
0,0.4688951373100281,0
1,0.47294172644615173,0
0,0.4695354104042053,0
1,0.4726513624191284,0
1,0.4686613082885742,0
0,0.4610435366630554,0
1,0.46806600689888,0
1,0.4723304808139801,0
1,0.4651828110218048,0
0,0.45599034428596497,0
1,0.4734475314617157,0
0,0.4709763526916504,0
0,0.47141745686531067,0
0,0.45818912982940674,0
1,0.4577711224555969,0
1,0.47121408581733704,0
0,0.47250333428382874,0
1,0.46522489190101624,0
1,0.4667825400829315,0
1,0.46472862362861633,0
0,0.4714305102825165,0
1,0.4727615416049957,0
1,0.4730825424194336,0
1,0.4646967947483063,0
1,0.4684608280658722,0
1,0.453861802816391,0
0,0.46900591254234314,0
0,0.4687524437904358,0
1,0.460891455411911,0
0,0.4700721204280853,0
0,0.4688348174095154,0
1,0.46215301752090454,0
0,0.4731484651565552,0
1,0.4711683690547943,0
0,0.47270554304122925,0
0,0.4699263274669647,0
1,0.4652356505393982,0
0,0.47057440876960754,0
0,0.47316309809684753,0
0,0.4717743694782257,0
1,0.4561837613582611,0
0,0.4728126525878906,0
0,0.46872976422309875,0
0,0.47016242146492004,0
0,0.4661867320537567,0
0,0.46776282787323,0
1,0.4595639407634735,0
0,0.4569554924964905,0
1,0.47186020016670227,0
0,0.46087774634361267,0
0,0.4728846549987793,0
0,0.47261232137680054,0
0,0.4668509364128113,0
1,0.4727916121482849,0
1,0.4723232388496399,0
0,0.46898484230041504,0
1,0.47029411792755127,0
0,0.45889711380004883,0
0,0.4699506461620331,0
1,0.46965283155441284,0
0,0.472688227891922,0
0,0.47267720103263855,0
0,0.4677696228027344,0
0,0.46456030011177063,0
1,0.46874886751174927,0
0,0.4625146687030792,0
1,0.47279563546180725,0
0,0.4726882874965668,0
1,0.4580363631248474,0
1,0.4697280824184418,0
0,0.45599475502967834,0
0,0.46100524067878723,0
0,0.4708303213119507,0
1,0.4661266803741455,0
0,0.47312209010124207,0
1,0.4704231917858124,0
1,0.47094494104385376,0
1,0.4561825692653656,0
0,0.4697602391242981,0
0,0.47227612137794495,0
0,0.4707771837711334,0
1,0.4726170301437378,0
1,0.46899354457855225,0
0,0.46391943097114563,0
0,0.4697859585285187,0
0,0.4546763598918915,0
1,0.4722102880477905,0
1,0.45829495787620544,0
0,0.4608291685581207,0
1,0.4733448624610901,0
1,0.4580442011356354,0
0,0.47255828976631165,0
1,0.4694790244102478,0
0,0.4703054130077362,0
0,0.4701346158981323,0
0,0.4619680941104889,0
0,0.4729112684726715,0
0,0.4727608561515808,0
1,0.469377726316452,0
1,0.46382421255111694,0
0,0.47379517555236816,0
1,0.4707762598991394,0
1,0.47373053431510925,0
1,0.4711429476737976,0
0,0.47079023718833923,0
1,0.4697839021682739,0
0,0.4644439220428467,0
1,0.4736199676990509,0
0,0.4705527424812317,0
1,0.45545417070388794,0
0,0.461098849773407,0
0,0.46966269612312317,0
0,0.4588174819946289,0
0,0.45520880818367004,0
0,0.47253021597862244,0
1,0.45858243107795715,0
0,0.47070029377937317,0
1,0.45637187361717224,0
1,0.45653948187828064,0
1,0.4572678506374359,0
1,0.45976799726486206,0
0,0.46919816732406616,0
1,0.4579235315322876,0
1,0.4696526527404785,0
0,0.4675038754940033,0
1,0.4699287414550781,0
1,0.46026739478111267,0
1,0.4660396873950958,0
0,0.46454083919525146,0
1,0.45749789476394653,0
1,0.46915337443351746,0
1,0.4735710322856903,0
1,0.4698653221130371,0
0,0.4727397561073303,0
1,0.4715500771999359,0
1,0.47303473949432373,0
1,0.4738158881664276,0
0,0.4731025695800781,0
0,0.4689008593559265,0
0,0.4645370543003082,0
0,0.46986663341522217,0
1,0.46923258900642395,0
0,0.4591955840587616,0
1,0.4721326231956482,0
0,0.4696739614009857,0
0,0.4643923044204712,0
1,0.46715977787971497,0
1,0.4735795855522156,0
1,0.46623560786247253,0
0,0.46789392828941345,0
0,0.47314178943634033,0
1,0.4716961681842804,0
0,0.47183191776275635,0
1,0.4739495813846588,0
0,0.4606201648712158,0
1,0.4722931385040283,0
1,0.4682649075984955,0
1,0.4587746262550354,0
0,0.4736917018890381,0
1,0.47334176301956177,0
0,0.46322333812713623,0
1,0.469667911529541,0
1,0.4710001051425934,0
0,0.46147218346595764,0
0,0.4687519669532776,0
1,0.4702487885951996,0
1,0.470392107963562,0
1,0.4739256501197815,0
1,0.4664078950881958,0
1,0.4724988639354706,0
0,0.46891656517982483,0
0,0.46969830989837646,0
0,0.46937915682792664,0
0,0.4698193669319153,0
0,0.45754438638687134,0
1,0.46247151494026184,0
0,0.4734772741794586,0
1,0.46838265657424927,0
1,0.4703861176967621,0
1,0.46956953406333923,0
1,0.4697006642818451,0
0,0.47114428877830505,0
1,0.4659155309200287,0
0,0.4603303372859955,0
0,0.46695268154144287,0
1,0.4635235369205475,0
0,0.4654783010482788,0
1,0.4671020805835724,0
0,0.47245630621910095,0
1,0.46389254927635193,0
1,0.4683275520801544,0
0,0.4589370787143707,0
1,0.4737004041671753,0
1,0.46844422817230225,0
1,0.4715108573436737,0
0,0.47366440296173096,0
1,0.4633280336856842,0
0,0.4730897545814514,0
0,0.4604949951171875,0
1,0.4718379080295563,0
0,0.4630311131477356,0
0,0.4695015251636505,0
1,0.4671059548854828,0
1,0.46682479977607727,0
0,0.4680006206035614,0
1,0.45929670333862305,0
0,0.45656195282936096,0
1,0.4569634199142456,0
0,0.4541443884372711,0
1,0.4675794839859009,0
0,0.4731382131576538,0
0,0.47148430347442627,0
1,0.4617324471473694,0
0,0.4726777970790863,0
1,0.4696443974971771,0
0,0.4626605808734894,0
1,0.47028326988220215,0
0,0.46866464614868164,0
0,0.46273520588874817,0
0,0.4712303876876831,0
1,0.4701237976551056,0
1,0.46576693654060364,0
0,0.4672290086746216,0
1,0.46837231516838074,0
0,0.4722321927547455,0
0,0.47311708331108093,0
1,0.4724162220954895,0
1,0.46167221665382385,0
1,0.4731382131576538,0
1,0.4687577784061432,0
0,0.4696522355079651,0
1,0.46919605135917664,0
1,0.45513492822647095,0
0,0.46218210458755493,0
1,0.47323963046073914,0
0,0.472586989402771,0
1,0.45218953490257263,0
1,0.47145891189575195,0
1,0.468615859746933,0
0,0.46920791268348694,0
0,0.4717976748943329,0
0,0.46620792150497437,0
1,0.4657805860042572,0
0,0.473064661026001,0
1,0.47008559107780457,0
0,0.47319063544273376,0
0,0.46524298191070557,0
1,0.46041563153266907,0
0,0.4655909538269043,0
1,0.47271981835365295,0
0,0.46981894969940186,0
1,0.4659232497215271,0
0,0.4696551263332367,0
1,0.4704340994358063,0
1,0.45270395278930664,0
0,0.4697156250476837,0
1,0.4669158458709717,0
1,0.47314557433128357,0
1,0.4705115854740143,0
1,0.461803138256073,0
0,0.4716765880584717,0
0,0.45738494396209717,0
0,0.47397539019584656,0
1,0.45770835876464844,0
1,0.4731465280056,0
1,0.46899911761283875,0
0,0.47192180156707764,0
0,0.47023212909698486,0
1,0.47015759348869324,0
0,0.46792951226234436,0
1,0.47017255425453186,0
0,0.454424649477005,0
1,0.46965208649635315,0
0,0.4604492485523224,0
1,0.46966832876205444,0
0,0.473111093044281,0
1,0.46970805525779724,0
0,0.4697391986846924,0
0,0.46506211161613464,0
0,0.4624994099140167,0
1,0.47317376732826233,0
1,0.4596432149410248,0
0,0.47303682565689087,0
0,0.4718024432659149,0
1,0.47262245416641235,0
0,0.46725767850875854,0
0,0.4736182987689972,0
0,0.472677618265152,0
0,0.46537455916404724,0
0,0.4652402698993683,0
1,0.47377023100852966,0
0,0.47291821241378784,0
1,0.4719240069389343,0
1,0.4670499861240387,0
1,0.45381632447242737,0
0,0.47282299399375916,0
0,0.4720923900604248,0
0,0.47264087200164795,0
1,0.47266969084739685,0
0,0.4699971079826355,0
1,0.4710542857646942,0
1,0.4695267379283905,0
0,0.4677615463733673,0
1,0.46985137462615967,0
0,0.46661537885665894,0
0,0.45723047852516174,0
0,0.4644998013973236,0
0,0.4696604907512665,0
1,0.4539071023464203,0
1,0.46475765109062195,0
0,0.4704301953315735,0
0,0.4632120430469513,0
1,0.4646480977535248,0
0,0.46904608607292175,0
1,0.46986883878707886,0
0,0.45012709498405457,0
0,0.4574640989303589,0
0,0.4671300947666168,0
0,0.4650539755821228,0
0,0.46656617522239685,0
0,0.45037639141082764,0
0,0.47206881642341614,0
1,0.4604637026786804,0
1,0.4534960091114044,0
0,0.4643327295780182,0
0,0.4697883129119873,0
0,0.4453757703304291,0
1,0.4691113531589508,0
0,0.46613559126853943,0
0,0.4619967043399811,0
1,0.4699592888355255,0
1,0.47302573919296265,0
1,0.4728872776031494,0
0,0.47275424003601074,0
0,0.4641711115837097,0
0,0.46479225158691406,0
1,0.4594191610813141,0
0,0.4695332646369934,0
1,0.46996909379959106,0
1,0.46208104491233826,0
1,0.4705221354961395,0
1,0.47074320912361145,0
0,0.4718855917453766,0
0,0.4658849537372589,0
0,0.4655880630016327,0
0,0.47396227717399597,0
0,0.4655051827430725,0
1,0.46907147765159607,0
1,0.4655148983001709,0
1,0.4620097875595093,0
0,0.4689443111419678,0
1,0.4695981740951538,0
1,0.472378671169281,0
0,0.4696834683418274,0
0,0.46944066882133484,0
1,0.4728458523750305,0
0,0.47173893451690674,0
1,0.4532783329486847,0
0,0.47202619910240173,0
1,0.47366270422935486,0
1,0.4552691876888275,0
1,0.4663405120372772,0
0,0.4725441634654999,0
0,0.4615772068500519,0
0,0.4696807861328125,0
1,0.46455618739128113,0
0,0.4693392813205719,0
0,0.45715293288230896,0
0,0.46089455485343933,0
1,0.4706037640571594,0
1,0.47217509150505066,0
1,0.4733768403530121,0
0,0.4639934301376343,0
1,0.46365582942962646,0
1,0.4738641679286957,0
1,0.46965187788009644,0
1,0.46965524554252625,0
0,0.4553074538707733,0
0,0.46969953179359436,0
1,0.4705771505832672,0
1,0.46617043018341064,0
1,0.4722503125667572,0
1,0.459951788187027,0
0,0.47363755106925964,0
0,0.470613956451416,0
0,0.4725354313850403,0
1,0.46966198086738586,0
1,0.4694482386112213,0
0,0.47149011492729187,0
0,0.4546579420566559,0
1,0.4657115638256073,0
1,0.4720798134803772,0
1,0.46108201146125793,0
1,0.47254765033721924,0
1,0.4703368842601776,0
0,0.46174052357673645,0
0,0.4643680453300476,0
0,0.46263107657432556,0
0,0.4738689959049225,0
0,0.47071772813796997,0
1,0.4645141065120697,0
0,0.47338995337486267,0
1,0.4689137935638428,0
1,0.46090811491012573,0
1,0.47020047903060913,0
0,0.46971550583839417,0
0,0.473579466342926,0
1,0.4702809751033783,0
1,0.47050270438194275,0
1,0.46944522857666016,0
0,0.45671069622039795,0
1,0.4637581706047058,0
0,0.4697248637676239,0
0,0.47367188334465027,0
0,0.472256600856781,0
1,0.467496782541275,0
1,0.47248414158821106,0
0,0.4701022505760193,0
1,0.46958404779434204,0
1,0.47031667828559875,0
1,0.471913605928421,0
0,0.46933844685554504,0
1,0.46536850929260254,0
0,0.46872204542160034,0
1,0.4666978418827057,0
0,0.46460217237472534,0
0,0.46998509764671326,0
0,0.4704006612300873,0
1,0.4580895006656647,0
0,0.4734932482242584,0
0,0.4697452485561371,0
1,0.45907869935035706,0
1,0.45581915974617004,0
0,0.46989506483078003,0
1,0.4736006557941437,0
0,0.45808809995651245,0
1,0.4732833802700043,0
0,0.45858243107795715,0
0,0.4646727442741394,0
0,0.46275460720062256,0
1,0.47030630707740784,0
1,0.4717698097229004,0
1,0.46808263659477234,0
0,0.4527563452720642,0
1,0.4662134349346161,0
0,0.4610189199447632,0
0,0.4623687267303467,0
1,0.4734058678150177,0
1,0.4697971045970917,0
0,0.4599226415157318,0
0,0.46385014057159424,0
0,0.4737869203090668,0
1,0.47086474299430847,0
0,0.46818241477012634,0
0,0.4702472984790802,0
1,0.4714118540287018,0
1,0.4712064862251282,0
1,0.4713594615459442,0
1,0.47184231877326965,0
1,0.4730878472328186,0
0,0.4723745584487915,0
1,0.4662110507488251,0
1,0.4722599387168884,0
0,0.4739755094051361,0
1,0.45815733075141907,0
0,0.4606300890445709,0
0,0.4705049395561218,0
0,0.4654838740825653,0
1,0.4647883474826813,0
1,0.4550842046737671,0
0,0.46185100078582764,0
1,0.47034358978271484,0
1,0.47342783212661743,0
0,0.47057032585144043,0
0,0.46913591027259827,0
1,0.473772794008255,0
0,0.464499831199646,0
1,0.47028377652168274,0
1,0.4689176678657532,0
0,0.45813092589378357,0
0,0.46272632479667664,0
1,0.4629707634449005,0
1,0.4724230468273163,0
0,0.4658378064632416,0
1,0.4587574303150177,0
1,0.4735807180404663,0
1,0.46246081590652466,0
0,0.4735683500766754,0
1,0.47054538130760193,0
0,0.46273142099380493,0
0,0.4735815227031708,0
0,0.4696514904499054,0
1,0.4707013666629791,0
1,0.4644954800605774,0
0,0.45327669382095337,0
1,0.4714898467063904,0
1,0.47252506017684937,0
0,0.46126553416252136,0
1,0.4669010639190674,0
0,0.4649183750152588,0
1,0.4695255756378174,0
1,0.4729347229003906,0
1,0.4696555435657501,0
0,0.46774181723594666,0
1,0.46887925267219543,0
1,0.452534556388855,0
0,0.4535531997680664,0
0,0.46530407667160034,0
0,0.46857866644859314,0
1,0.4736028015613556,0
0,0.4640550911426544,0
1,0.4727290868759155,0
0,0.47298887372016907,0
1,0.4695241153240204,0
0,0.4672147035598755,0
1,0.4700784385204315,0
0,0.4611835479736328,0
0,0.4697878062725067,0
0,0.46341726183891296,0
0,0.4563046097755432,0
1,0.46942704916000366,0
0,0.4682373106479645,0
0,0.46526655554771423,0
1,0.47125670313835144,0
0,0.4561050832271576,0
1,0.4666886031627655,0
0,0.4669745862483978,0
1,0.4699893593788147,0
0,0.4739319980144501,0
0,0.4683648943901062,0
1,0.47290390729904175,0
1,0.47287479043006897,0
1,0.46968936920166016,0
0,0.46626928448677063,0
0,0.4659724235534668,0
1,0.47221091389656067,0
0,0.47070932388305664,0
1,0.468544602394104,0
1,0.460122674703598,0
1,0.45744338631629944,0
0,0.4670194089412689,0
0,0.4697258174419403,0
1,0.47256654500961304,0
0,0.4658328592777252,0
1,0.4726865887641907,0
1,0.46418437361717224,0
0,0.4702959656715393,0
0,0.47049206495285034,0
1,0.47081518173217773,0
1,0.4725792109966278,0
0,0.4728381335735321,0
0,0.4716777801513672,0
0,0.47133439779281616,0
0,0.4651661813259125,0
0,0.4621279239654541,0
0,0.4703367352485657,0
1,0.46433117985725403,0
0,0.4586924612522125,0
1,0.46470898389816284,0
0,0.47402241826057434,0
0,0.4657614529132843,0
1,0.45519042015075684,0
1,0.4704442322254181,0
0,0.47278445959091187,0
1,0.46506860852241516,0
1,0.4573710560798645,0
1,0.47272148728370667,0
1,0.46331658959388733,0
1,0.47232121229171753,0
0,0.47084179520606995,0
1,0.46685200929641724,0
1,0.45154574513435364,0
0,0.45848217606544495,0
1,0.4691905975341797,0
1,0.4674830734729767,0
1,0.45620691776275635,0
1,0.4722256064414978,0
1,0.47193643450737,0
1,0.4700198471546173,0
0,0.4703698456287384,0
1,0.4581570327281952,0
1,0.4581637382507324,0
0,0.4726935029029846,0
0,0.45458224415779114,0
0,0.4727518856525421,0
0,0.4724850356578827,0
1,0.47022947669029236,0
0,0.46394726634025574,0
1,0.4705093801021576,0
0,0.45874252915382385,0
1,0.4552880823612213,0
1,0.47274157404899597,0
1,0.468376487493515,0
0,0.4665548801422119,0
1,0.4602508842945099,0
1,0.4698306918144226,0
1,0.45963624119758606,0
0,0.4656098783016205,0
1,0.46629592776298523,0
0,0.4698247015476227,0
1,0.4704904854297638,0
1,0.4727112948894501,0
0,0.46760398149490356,0
0,0.4713505208492279,0
1,0.47381582856178284,0
1,0.4673052132129669,0
0,0.47344931960105896,0
1,0.46517062187194824,0
1,0.46969926357269287,0
1,0.47236961126327515,0
0,0.4588318467140198,0
0,0.45368900895118713,0
1,0.46758782863616943,0
1,0.4700927734375,0
1,0.4719718098640442,0
1,0.47078225016593933,0
0,0.4729408025741577,0
1,0.472197949886322,0
0,0.45766481757164,0
1,0.47230201959609985,0
0,0.4696651101112366,0
0,0.46963316202163696,0
0,0.47318437695503235,0
1,0.4655366837978363,0
1,0.4701479971408844,0
1,0.47055551409721375,0
0,0.4720512628555298,0
0,0.47262638807296753,0
0,0.4628889560699463,0
0,0.4710657596588135,0
0,0.45834359526634216,0
0,0.4710274040699005,0
1,0.47304803133010864,0
0,0.4603855609893799,0
0,0.45857083797454834,0
1,0.4727616608142853,0
1,0.46548181772232056,0
0,0.46899479627609253,0
1,0.46152225136756897,0
0,0.46473783254623413,0
1,0.46748223900794983,0
1,0.4709049165248871,0
0,0.47269701957702637,0
0,0.45257002115249634,0
0,0.47273069620132446,0
1,0.4690183997154236,0
1,0.46992722153663635,0
0,0.4682927131652832,0
0,0.46908456087112427,0
0,0.4648877680301666,0
1,0.45689964294433594,0
1,0.47270581126213074,0
0,0.4643508195877075,0
1,0.4727565348148346,0
1,0.46434450149536133,0
1,0.4724280834197998,0
0,0.46966907382011414,0
1,0.4560926854610443,0
0,0.47076043486595154,0
1,0.46790948510169983,0
1,0.4639904797077179,0
1,0.453587144613266,0
0,0.4572593867778778,0
0,0.4600837826728821,0
1,0.4714661240577698,0
0,0.4664802551269531,0
1,0.45717573165893555,0
0,0.4721273183822632,0
0,0.47254785895347595,0
1,0.4696055054664612,0
0,0.4696718156337738,0
1,0.45320168137550354,0
0,0.464656800031662,0
1,0.4650169909000397,0
1,0.466286301612854,0
1,0.47107142210006714,0
1,0.4719691574573517,0
0,0.45952919125556946,0
1,0.470486581325531,0
1,0.46245917677879333,0
1,0.4695797860622406,0
0,0.46915796399116516,0
1,0.4653940200805664,0
1,0.4664273262023926,0
0,0.4685826599597931,0
0,0.4543991982936859,0
1,0.471025288105011,0
0,0.47257357835769653,0
1,0.4527086615562439,0
0,0.4716641902923584,0
0,0.46938785910606384,0
1,0.45847585797309875,0
0,0.4732024371623993,0
1,0.45106765627861023,0
0,0.46260616183280945,0
1,0.4567946493625641,0
1,0.47310778498649597,0
1,0.4739713668823242,0
1,0.46893417835235596,0
0,0.4731115400791168,0
1,0.4733104109764099,0
0,0.47257089614868164,0
0,0.4556947350502014,0
1,0.4663418233394623,0
0,0.46526917815208435,0
1,0.47259944677352905,0
1,0.4501970410346985,0
1,0.4700015187263489,0
0,0.46562567353248596,0
1,0.4605487585067749,0
1,0.47264209389686584,0
0,0.46547526121139526,0
0,0.4733693599700928,0
1,0.47051405906677246,0
0,0.46275490522384644,0
1,0.47378456592559814,0
0,0.4739665985107422,0
0,0.4696657955646515,0
0,0.47148022055625916,0
1,0.4652984142303467,0
1,0.4722937047481537,0
1,0.4693661630153656,0
1,0.46443942189216614,0
0,0.4728105068206787,0
0,0.46978959441185,0
1,0.4630030691623688,0
1,0.4646719694137573,0
1,0.4695689082145691,0
1,0.4715764820575714,0
0,0.45110705494880676,0
0,0.4639466404914856,0
0,0.4723331332206726,0
1,0.45766621828079224,0
1,0.4726755917072296,0
0,0.4729815125465393,0
0,0.46949657797813416,0
1,0.4718804359436035,0
1,0.46997198462486267,0
1,0.47310054302215576,0
0,0.4724605679512024,0
1,0.46851420402526855,0
1,0.46201831102371216,0
1,0.4636060297489166,0
1,0.4662310481071472,0
0,0.47083836793899536,0
0,0.4598925709724426,0
0,0.47094807028770447,0
1,0.4609549641609192,0
1,0.46816006302833557,0
0,0.4603637754917145,0
1,0.4721062183380127,0
0,0.4723796248435974,0
1,0.44070863723754883,0
1,0.47244134545326233,0
1,0.4700588285923004,0
1,0.46427470445632935,0
1,0.4717967212200165,0
0,0.47173431515693665,0
0,0.47267407178878784,0
0,0.47207316756248474,0
1,0.4730786681175232,0
1,0.4690781533718109,0
1,0.4682147800922394,0
1,0.4709296226501465,0
1,0.46971991658210754,0
1,0.4660395681858063,0
0,0.46959608793258667,0
0,0.4652586579322815,0
1,0.46738773584365845,0
1,0.47284772992134094,0
1,0.47194287180900574,0
1,0.47110649943351746,0
0,0.46269935369491577,0
1,0.4689965844154358,0
1,0.46965229511260986,0
1,0.47262510657310486,0
1,0.45533642172813416,0
1,0.45987895131111145,0
1,0.47369661927223206,0
0,0.4600541591644287,0
1,0.47391027212142944,0
1,0.4735499620437622,0
0,0.47413966059684753,0
0,0.47324392199516296,0
0,0.47064009308815,0
1,0.4648023247718811,0
1,0.4693947434425354,0
1,0.4690758287906647,0
0,0.4719983637332916,0
0,0.47328460216522217,0
0,0.4733169674873352,0
1,0.4632699489593506,0
0,0.46817144751548767,0
0,0.4694838523864746,0
0,0.4727887213230133,0
1,0.4576027989387512,0
0,0.46443793177604675,0
1,0.4564248323440552,0
0,0.46164649724960327,0
1,0.4723406732082367,0
1,0.4597674608230591,0
0,0.4645693898200989,0
0,0.4560083746910095,0
0,0.47234365344047546,0
0,0.46173176169395447,0
1,0.47009244561195374,0
0,0.4547862112522125,0
1,0.4724167585372925,0
0,0.4614481031894684,0
1,0.4707348942756653,0
1,0.45358332991600037,0
0,0.4737693667411804,0
1,0.4729936122894287,0
1,0.471434623003006,0
1,0.47108158469200134,0
0,0.47309839725494385,0
0,0.4739726185798645,0
1,0.468280166387558,0
0,0.46472418308258057,0
0,0.4651624858379364,0
0,0.4708678722381592,0
0,0.47101280093193054,0
0,0.45313817262649536,0
1,0.4697239398956299,0
0,0.45653560757637024,0
0,0.4585692882537842,0
0,0.4621536433696747,0
0,0.47259700298309326,0
0,0.45682191848754883,0
1,0.4706185460090637,0
0,0.46804365515708923,0
0,0.4696802794933319,0
0,0.47102978825569153,0
1,0.46962156891822815,0
0,0.4728110432624817,0
0,0.4624427556991577,0
1,0.47103384137153625,0
0,0.4691654145717621,0
1,0.4711363911628723,0
0,0.45331647992134094,0
0,0.4599767029285431,0
1,0.4700309634208679,0
1,0.470162957906723,0
0,0.4712209701538086,0
1,0.46981894969940186,0
1,0.47097715735435486,0
1,0.45336759090423584,0
1,0.4647842347621918,0
0,0.45968636870384216,0
0,0.4686477780342102,0
0,0.47025346755981445,0
1,0.4696595370769501,0
0,0.469565212726593,0
1,0.4697473347187042,0
0,0.46964728832244873,0
0,0.4704809784889221,0
0,0.456657737493515,0
1,0.4726307988166809,0
1,0.4647303521633148,0
0,0.4653925597667694,0
1,0.4608634114265442,0
0,0.46056365966796875,0
1,0.47023138403892517,0
1,0.46389099955558777,0
1,0.46120962500572205,0
0,0.46432608366012573,0
0,0.4726579785346985,0
1,0.4646410048007965,0
1,0.4711247980594635,0
0,0.4696619212627411,0
0,0.45591607689857483,0
0,0.464944452047348,0
0,0.4604824185371399,0
0,0.4645116627216339,0
0,0.46734046936035156,0
0,0.4553294777870178,0
1,0.4655720293521881,0
1,0.4627528488636017,0
1,0.47027143836021423,0
0,0.4618625342845917,0
0,0.46038171648979187,0
0,0.472537100315094,0
1,0.45765164494514465,0
0,0.4737943708896637,0
0,0.4705237150192261,0
0,0.46953609585762024,0
1,0.4739964008331299,0
1,0.46241551637649536,0
0,0.47285646200180054,0
0,0.46763506531715393,0
0,0.4646150469779968,0
1,0.4685625433921814,0
1,0.4727858006954193,0
0,0.465287983417511,0
1,0.4692441523075104,0
0,0.46914348006248474,0
1,0.4657655358314514,0
1,0.4678298234939575,0
1,0.45998334884643555,0
1,0.4553745687007904,0
1,0.47394829988479614,0
0,0.4700714945793152,0
0,0.4605248272418976,0
0,0.4736820459365845,0
1,0.4568198621273041,0
0,0.46018755435943604,0
1,0.4728720188140869,0
0,0.45578449964523315,0
0,0.46965596079826355,0
0,0.4662361145019531,0
1,0.46158909797668457,0
1,0.46176114678382874,0
1,0.47202953696250916,0
0,0.45104020833969116,0
1,0.47197356820106506,0
0,0.4687536954879761,0
0,0.4721965789794922,0
0,0.45658913254737854,0
1,0.45941632986068726,0
1,0.4715832769870758,0
1,0.47067785263061523,0
1,0.4543517529964447,0
0,0.4699806869029999,0
1,0.4691721200942993,0
0,0.47210749983787537,0
0,0.46203920245170593,0
1,0.4717143774032593,0
1,0.46842753887176514,0
0,0.4685775339603424,0
1,0.45903533697128296,0
0,0.4557799994945526,0
0,0.47120413184165955,0
0,0.4678790867328644,0
1,0.4589688181877136,0
1,0.4696272015571594,0
1,0.46965375542640686,0
0,0.46953967213630676,0
0,0.473065048456192,0
0,0.4726843535900116,0
1,0.4558897614479065,0
1,0.4671306014060974,0
0,0.4647112190723419,0
1,0.47316446900367737,0
1,0.46395352482795715,0
0,0.47410643100738525,0
0,0.4626554548740387,0
0,0.4690417945384979,0
0,0.4577629268169403,0
0,0.4726547300815582,0
0,0.46967610716819763,0
0,0.4668523371219635,0
0,0.46740055084228516,0
0,0.47232601046562195,0
1,0.46635928750038147,0
0,0.4728855788707733,0
0,0.4511479139328003,0
0,0.4737328290939331,0
0,0.46434274315834045,0
1,0.4739646911621094,0
1,0.4726361930370331,0
0,0.4726852476596832,0
1,0.46587857604026794,0
1,0.4727298319339752,0
1,0.45663201808929443,0
0,0.4694496989250183,0
1,0.45038750767707825,0
1,0.46967265009880066,0
1,0.47301164269447327,0
0,0.4726575016975403,0
1,0.46271029114723206,0
1,0.4688549339771271,0
0,0.45763731002807617,0
0,0.4725740849971771,0
0,0.4702129364013672,0
0,0.45534709095954895,0
0,0.47373369336128235,0
1,0.47253167629241943,0
0,0.4542829990386963,0
0,0.4697469174861908,0
0,0.46242082118988037,0
1,0.47376102209091187,0
0,0.4739443361759186,0
1,0.4721999764442444,0
0,0.46433591842651367,0
0,0.4624008536338806,0
0,0.46741628646850586,0
1,0.46961989998817444,0
1,0.4727088510990143,0
1,0.4714905023574829,0
0,0.4738861918449402,0
0,0.4606565833091736,0
0,0.4646211266517639,0
1,0.46472489833831787,0
0,0.46183711290359497,0
1,0.4603923261165619,0
1,0.4652939736843109,0
0,0.47339358925819397,0
1,0.46945664286613464,0
1,0.46610110998153687,0
1,0.469653457403183,0
1,0.46842649579048157,0
0,0.46965229511260986,0
1,0.4692685008049011,0
1,0.4664340913295746,0
1,0.4644940197467804,0
0,0.468515545129776,0
1,0.47022441029548645,0
1,0.47267672419548035,0
0,0.473158597946167,0
1,0.45601335167884827,0
1,0.4721052646636963,0
0,0.4726543128490448,0
1,0.47340062260627747,0
1,0.4738985598087311,0
1,0.4709876775741577,0
1,0.4671991169452667,0
0,0.46259403228759766,0
1,0.4739299714565277,0
0,0.4579581022262573,0
0,0.45427605509757996,0
0,0.46166691184043884,0
1,0.474355548620224,0
0,0.47303062677383423,0
1,0.47270965576171875,0
0,0.46051424741744995,0
1,0.46937888860702515,0
0,0.45794615149497986,0
1,0.4738845229148865,0
1,0.4684181213378906,0
0,0.46102002263069153,0
0,0.45718222856521606,0
1,0.4726170301437378,0
0,0.4739174544811249,0
0,0.467101514339447,0
1,0.4714072048664093,0
0,0.4622967839241028,0
1,0.4550532400608063,0
0,0.47305378317832947,0
0,0.46319684386253357,0
1,0.47312402725219727,0
0,0.46968764066696167,0
1,0.4723247289657593,0
0,0.4682603180408478,0
1,0.4660986661911011,0
1,0.4708980917930603,0
0,0.46967148780822754,0
1,0.46986696124076843,0
1,0.47265955805778503,0
0,0.47160372138023376,0
0,0.4638180732727051,0
1,0.4643551707267761,0
1,0.46549323201179504,0
1,0.47023633122444153,0
0,0.45664963126182556,0
0,0.471744179725647,0
1,0.4709267020225525,0
0,0.47274625301361084,0
0,0.47261354327201843,0
1,0.4599815309047699,0
0,0.4672456681728363,0
0,0.46296462416648865,0
1,0.4724501669406891,0
1,0.4720744490623474,0
0,0.4726155698299408,0
1,0.4701787829399109,0
0,0.47317588329315186,0
0,0.4637225866317749,0
1,0.47308656573295593,0
0,0.470083087682724,0
1,0.47230982780456543,0
1,0.4604244828224182,0
1,0.46208611130714417,0
1,0.47040635347366333,0
0,0.4700022041797638,0
0,0.4697573482990265,0
1,0.47392305731773376,0
1,0.47273144125938416,0
0,0.47232791781425476,0
0,0.45658519864082336,0
1,0.466360867023468,0
0,0.46923837065696716,0
0,0.4576435387134552,0
0,0.4669697880744934,0
1,0.46613985300064087,0
1,0.46967974305152893,0
0,0.47373759746551514,0
0,0.4502160847187042,0
1,0.4677731692790985,0
1,0.4650142192840576,0
1,0.4638582766056061,0
1,0.4633481502532959,0
1,0.4701623320579529,0
0,0.4725445508956909,0
0,0.46854591369628906,0
0,0.4726830720901489,0
1,0.47009867429733276,0
1,0.4732572138309479,0
1,0.4732455015182495,0
1,0.46658408641815186,0
1,0.47027409076690674,0
0,0.47282224893569946,0
0,0.47043347358703613,0
1,0.46158134937286377,0
1,0.4696483016014099,0
1,0.47053080797195435,0
0,0.47261372208595276,0
1,0.47270819544792175,0
1,0.47030794620513916,0
0,0.47014230489730835,0
0,0.46803322434425354,0
1,0.45650553703308105,0
0,0.46966490149497986,0
0,0.4647205173969269,0
1,0.4684928357601166,0
1,0.4659605622291565,0
0,0.471964955329895,0
0,0.4735995829105377,0
0,0.47240740060806274,0
0,0.47088706493377686,0
0,0.4733630120754242,0
0,0.46840211749076843,0
0,0.4741966128349304,0
0,0.4672376811504364,0
0,0.4726333022117615,0
1,0.4576870799064636,0
0,0.46234408020973206,0
1,0.47349196672439575,0
0,0.470862478017807,0
0,0.470286101102829,0
1,0.457804799079895,0
1,0.45814773440361023,0
0,0.46824273467063904,0
1,0.4554515779018402,0
0,0.4683989882469177,0
0,0.4600949287414551,0
0,0.47338876128196716,0
0,0.45778658986091614,0
1,0.47383949160575867,0
1,0.47244805097579956,0
1,0.47066548466682434,0
1,0.46776795387268066,0
0,0.4697311222553253,0
0,0.4696187376976013,0
1,0.46076199412345886,0
0,0.45949697494506836,0
0,0.4646816551685333,0
1,0.4696979522705078,0
1,0.4589514434337616,0
1,0.47295713424682617,0
1,0.47135379910469055,0
1,0.4696449935436249,0
1,0.4725545048713684,0
1,0.466157466173172,0
0,0.47254887223243713,0
1,0.47018560767173767,0
1,0.47236695885658264,0
1,0.46417245268821716,0
0,0.46965092420578003,0
0,0.4596806466579437,0
1,0.46041589975357056,0
1,0.4729682207107544,0
0,0.4699229598045349,0
1,0.46831053495407104,0
1,0.4731716215610504,0
1,0.47274714708328247,0
1,0.46811991930007935,0
0,0.4695137143135071,0
1,0.4727964401245117,0
1,0.47008585929870605,0
1,0.4703735411167145,0
1,0.46512341499328613,0
0,0.45605185627937317,0
1,0.46114498376846313,0
1,0.47344252467155457,0
0,0.46853020787239075,0
1,0.45507851243019104,0
0,0.465444415807724,0
0,0.46578431129455566,0
0,0.47248125076293945,0
1,0.46464306116104126,0
1,0.4633502960205078,0
1,0.45556676387786865,0
1,0.4570246934890747,0
0,0.4696539640426636,0
1,0.4605480432510376,0
1,0.4696514904499054,0
1,0.4672628939151764,0
0,0.4693934917449951,0
0,0.4710634648799896,0
0,0.45563220977783203,0
1,0.469657301902771,0
0,0.46611523628234863,0
0,0.4735107123851776,0
0,0.4703933894634247,0
1,0.46758246421813965,0
1,0.47383028268814087,0
1,0.4653516709804535,0
1,0.4739540219306946,0
1,0.47219687700271606,0
0,0.4691276252269745,0
0,0.47283801436424255,0
1,0.4694085121154785,0
1,0.47051864862442017,0
1,0.46463683247566223,0
0,0.4596022069454193,0
1,0.45523983240127563,0
0,0.46873629093170166,0
1,0.47187820076942444,0
0,0.45645055174827576,0
0,0.47031939029693604,0
1,0.46106061339378357,0
1,0.46998879313468933,0
0,0.4690096974372864,0
1,0.47264838218688965,0
0,0.4623905420303345,0
1,0.4598000645637512,0
0,0.4710405170917511,0
1,0.46176114678382874,0
1,0.4696739614009857,0
0,0.4558188319206238,0
1,0.4727066159248352,0
0,0.46371111273765564,0
1,0.46544700860977173,0
0,0.46353819966316223,0
1,0.47274258732795715,0
1,0.4575005769729614,0
1,0.47417473793029785,0
0,0.4643844962120056,0
1,0.4717172384262085,0
0,0.47087395191192627,0
1,0.47072961926460266,0
0,0.46371960639953613,0
0,0.46963435411453247,0
0,0.47268179059028625,0
1,0.47328877449035645,0
1,0.4565269649028778,0
0,0.456479549407959,0
0,0.46083950996398926,0
0,0.47078418731689453,0
1,0.47035646438598633,0
1,0.4736984372138977,0
0,0.47256919741630554,0
1,0.4727436304092407,0
1,0.47052690386772156,0
1,0.4555303752422333,0
1,0.4717165529727936,0
0,0.4729013442993164,0
0,0.4691755771636963,0
0,0.47305431962013245,0
0,0.4730748236179352,0
0,0.4726495146751404,0
1,0.45279741287231445,0
0,0.4664727747440338,0
1,0.4599948525428772,0
0,0.46629729866981506,0
1,0.47191372513771057,0
0,0.47286370396614075,0
0,0.4707024097442627,0
1,0.47270357608795166,0
1,0.4713226556777954,0
1,0.4732106029987335,0
0,0.47285518050193787,0
0,0.4697825312614441,0
1,0.46461227536201477,0
1,0.4614332914352417,0
0,0.4726612865924835,0
0,0.46933844685554504,0
0,0.47321370244026184,0
0,0.46590855717658997,0
1,0.4723707437515259,0
1,0.4714098274707794,0
1,0.4696650207042694,0
1,0.47017455101013184,0
1,0.4711325764656067,0
1,0.46469536423683167,0
1,0.46483033895492554,0
0,0.4734792411327362,0
0,0.4656956195831299,0
1,0.45893436670303345,0
1,0.46581628918647766,0
1,0.45886191725730896,0
0,0.46089833974838257,0
0,0.4724103808403015,0
0,0.46669140458106995,0
0,0.4669512212276459,0
0,0.4738762080669403,0
1,0.47352907061576843,0
0,0.4655900299549103,0
0,0.4538023769855499,0
0,0.467812716960907,0
0,0.47027069330215454,0
1,0.4703265130519867,0
1,0.4644777178764343,0
0,0.46988022327423096,0
1,0.4604271948337555,0
0,0.4558590054512024,0
0,0.4728173017501831,0
0,0.4682912528514862,0
0,0.46418580412864685,0
0,0.4660121202468872,0
0,0.47268232703208923,0
0,0.4582939147949219,0
0,0.4607802629470825,0
1,0.45707032084465027,0
1,0.47037139534950256,0
1,0.4607040584087372,0
0,0.46374017000198364,0
1,0.46952101588249207,0
1,0.4700638949871063,0
1,0.4595583975315094,0
0,0.4696548283100128,0
0,0.46346914768218994,0
0,0.4675379991531372,0
0,0.47206637263298035,0
0,0.4726828634738922,0
0,0.4604324698448181,0
0,0.4637334644794464,0
0,0.471880704164505,0
0,0.4692052900791168,0
1,0.46965229511260986,0
1,0.4601285755634308,0
1,0.4698582589626312,0
0,0.46239712834358215,0
0,0.47368258237838745,0
0,0.4693937599658966,0
1,0.469488263130188,0
1,0.4715973734855652,0
1,0.47012096643447876,0
0,0.46929433941841125,0
0,0.47324338555336,0
0,0.4724887013435364,0
1,0.46719345450401306,0
0,0.4638020694255829,0
1,0.45766541361808777,0
0,0.4702465534210205,0
1,0.4704972803592682,0
1,0.47326624393463135,0
1,0.4656057357788086,0
0,0.4662935137748718,0
1,0.4725520610809326,0
1,0.4569700360298157,0
1,0.47267186641693115,0
1,0.4666042923927307,0
0,0.46716827154159546,0
1,0.46166446805000305,0
1,0.46200427412986755,0
1,0.46930253505706787,0
1,0.4696555435657501,0
0,0.4708240032196045,0
1,0.47375723719596863,0
0,0.46125051379203796,0
0,0.46001675724983215,0
0,0.455645352602005,0
0,0.47082430124282837,0
0,0.46213698387145996,0
0,0.46429935097694397,0
0,0.47145137190818787,0
1,0.46991321444511414,0
1,0.46571242809295654,0
1,0.4729384779930115,0
0,0.472908616065979,0
0,0.4566846191883087,0
0,0.47190722823143005,0
0,0.4655430018901825,0
0,0.4590044915676117,0
1,0.4702276289463043,0
1,0.47254136204719543,0
0,0.45782676339149475,0
0,0.47269755601882935,0
0,0.47326281666755676,0
1,0.4696595370769501,0
0,0.4711162745952606,0
1,0.45749330520629883,0
0,0.4672023057937622,0
0,0.468759149312973,0
1,0.4676614999771118,0
0,0.4637031555175781,0
0,0.469020813703537,0
0,0.4726126492023468,0
1,0.4727032482624054,0
1,0.46340277791023254,0
1,0.4687642753124237,0
0,0.4686591923236847,0
0,0.4732678234577179,0
0,0.46711596846580505,0
1,0.47270485758781433,0
1,0.4654155969619751,0
1,0.469684362411499,0
0,0.47274860739707947,0
1,0.4675026834011078,0
0,0.4536008834838867,0
1,0.46685701608657837,0
1,0.4562901556491852,0
0,0.473015159368515,0
1,0.4736364781856537,0
1,0.47028809785842896,0
0,0.4698757827281952,0
1,0.47302529215812683,0
1,0.45593810081481934,0
0,0.45881688594818115,0
0,0.4688563048839569,0
1,0.4713987112045288,0
0,0.4731050133705139,0
1,0.47175973653793335,0
1,0.4734857678413391,0
1,0.4614785611629486,0
1,0.4736792743206024,0
0,0.4621162712574005,0
0,0.4739280939102173,0
1,0.46224573254585266,0
0,0.4652988016605377,0
1,0.46697887778282166,0
0,0.46168598532676697,0
0,0.47132962942123413,0
1,0.46972423791885376,0
0,0.47107642889022827,0
0,0.466191828250885,0
0,0.45994117856025696,0
0,0.47111776471138,0
1,0.4642166793346405,0
1,0.46688157320022583,0
1,0.4645133316516876,0
0,0.45564764738082886,0
1,0.47138741612434387,0
1,0.46427828073501587,0
1,0.4725129306316376,0
0,0.47004634141921997,0
1,0.46412375569343567,0
1,0.46961331367492676,0
1,0.46815043687820435,0
0,0.47022777795791626,0
1,0.4697335958480835,0
1,0.4731007516384125,0
1,0.4731537401676178,0
0,0.4697181284427643,0
1,0.47021493315696716,0
1,0.47275036573410034,0
0,0.47023922204971313,0
1,0.4558258056640625,0
0,0.46999290585517883,0
1,0.46989843249320984,0
0,0.46193328499794006,0
0,0.46547046303749084,0
1,0.46913424134254456,0
0,0.4719676673412323,0
0,0.47393518686294556,0
1,0.4666888117790222,0
0,0.45966535806655884,0
1,0.4555743932723999,0
1,0.46610379219055176,0
0,0.4701310098171234,0
1,0.46524569392204285,0
1,0.4704921543598175,0
1,0.4726512134075165,0
0,0.4686518609523773,0
1,0.4697076678276062,0
1,0.4664953052997589,0
1,0.4691939055919647,0
1,0.46888428926467896,0
1,0.4698152244091034,0
0,0.47373637557029724,0
0,0.471794068813324,0
0,0.4721337556838989,0
1,0.47306403517723083,0
1,0.456676185131073,0
1,0.47295713424682617,0
0,0.4726121127605438,0
0,0.46730485558509827,0
0,0.47305506467819214,0
0,0.4641065001487732,0
0,0.46995750069618225,0
0,0.4681066572666168,0
0,0.4563903510570526,0
0,0.4730813205242157,0
0,0.4721277952194214,0
1,0.46328413486480713,0
1,0.4718852639198303,0
0,0.46721556782722473,0
1,0.46823081374168396,0
0,0.4693029522895813,0
0,0.47175532579421997,0
0,0.4703883230686188,0
1,0.47249844670295715,0
0,0.46622753143310547,0
1,0.4593658149242401,0
1,0.47279515862464905,0
0,0.46788492798805237,0
1,0.4660547971725464,0
1,0.4626689553260803,0
1,0.4653164744377136,0
0,0.4666592478752136,0
1,0.4727746546268463,0
1,0.46928298473358154,0
0,0.46472808718681335,0
1,0.47274327278137207,0
0,0.47089821100234985,0
0,0.4661315679550171,0
0,0.4725431203842163,0
0,0.46910858154296875,0
0,0.45790165662765503,0
0,0.4696055054664612,0
1,0.47376787662506104,0
1,0.46097463369369507,0
0,0.47297394275665283,0
0,0.4590775668621063,0
1,0.4731256067752838,0
0,0.4741101861000061,0
0,0.4725169241428375,0
0,0.4699724614620209,0
1,0.4681352972984314,0
0,0.46931737661361694,0
1,0.4704967141151428,0
1,0.4687880575656891,0
0,0.46739232540130615,0
0,0.47266095876693726,0
1,0.470234751701355,0
0,0.46954867243766785,0
0,0.46454599499702454,0
0,0.47321999073028564,0
0,0.45910677313804626,0
0,0.46461382508277893,0
0,0.4698370695114136,0
1,0.46617043018341064,0
0,0.4700262248516083,0
0,0.46444517374038696,0
0,0.47072163224220276,0
1,0.4662804901599884,0
1,0.4653016924858093,0
0,0.4710467755794525,0
0,0.4722968637943268,0
1,0.4742533266544342,0
0,0.4613099694252014,0
0,0.4710799753665924,0
0,0.4670962691307068,0
1,0.4628141224384308,0
0,0.4627690017223358,0
1,0.46180060505867004,0
1,0.46936923265457153,0
0,0.4603842496871948,0
1,0.4333101809024811,0
1,0.4699064791202545,0
1,0.4584537148475647,0
1,0.4696716368198395,0
1,0.4631313979625702,0
1,0.4725721776485443,0
0,0.46524864435195923,0
1,0.4712223410606384,0
1,0.4560849368572235,0
1,0.459890216588974,0
0,0.4727531373500824,0
0,0.47203439474105835,0
0,0.4697663187980652,0
1,0.4549640119075775,0
1,0.47037556767463684,0
0,0.47194674611091614,0
0,0.47107014060020447,0
0,0.45457181334495544,0
0,0.45638328790664673,0
0,0.470242977142334,0
0,0.4697413444519043,0
1,0.4727284610271454,0
0,0.46986567974090576,0
0,0.46523651480674744,0
0,0.4729808270931244,0
0,0.47139838337898254,0
0,0.4700758159160614,0
1,0.47394266724586487,0
1,0.46584993600845337,0
1,0.45508429408073425,0
1,0.4733177125453949,0
1,0.4726526439189911,0
1,0.47009772062301636,0
0,0.46416300535202026,0
1,0.4700508415699005,0
1,0.4556085467338562,0
1,0.473616361618042,0
1,0.46891215443611145,0
1,0.4600904881954193,0
1,0.4726077616214752,0
0,0.46740734577178955,0
0,0.4559481143951416,0
0,0.45730891823768616,0
1,0.4617854058742523,0
0,0.4724647104740143,0
1,0.455504447221756,0
0,0.46087807416915894,0
1,0.4718743860721588,0
1,0.465781569480896,0
0,0.4619254767894745,0
1,0.4727083146572113,0
1,0.47230949997901917,0
0,0.4662725627422333,0
0,0.4693385362625122,0
1,0.43996313214302063,0
0,0.4597570598125458,0
0,0.4671366810798645,0
0,0.4683900773525238,0
1,0.4688669443130493,0
1,0.4725913107395172,0
0,0.45894843339920044,0
1,0.4706522226333618,0
0,0.46926355361938477,0
1,0.45690202713012695,0
1,0.46950244903564453,0
0,0.47191503643989563,0
0,0.4720466434955597,0
1,0.47287118434906006,0
1,0.45692533254623413,0
1,0.4644394516944885,0
0,0.4699152708053589,0
1,0.4727315306663513,0
0,0.4626094400882721,0
0,0.4707860052585602,0
0,0.4702250063419342,0
1,0.472318172454834,0
1,0.4725685715675354,0
0,0.4577710032463074,0
0,0.45711514353752136,0
0,0.4570290744304657,0
1,0.46760326623916626,0
0,0.46958476305007935,0
1,0.45644786953926086,0
0,0.46964356303215027,0
0,0.46498215198516846,0
0,0.47395214438438416,0
1,0.4726162850856781,0
0,0.47270074486732483,0
0,0.47020861506462097,0
1,0.47117218375205994,0
1,0.47004446387290955,0
0,0.4654500484466553,0
1,0.4562581777572632,0
1,0.46412530541419983,0
0,0.47112321853637695,0
1,0.4692904055118561,0
0,0.46835681796073914,0
0,0.4665045440196991,0
0,0.4720097482204437,0
1,0.4699258506298065,0
1,0.47234663367271423,0
1,0.4577731192111969,0
0,0.4616882801055908,0
1,0.4566846191883087,0
0,0.4738890826702118,0
0,0.4686105251312256,0
1,0.46552884578704834,0
0,0.4713737666606903,0
1,0.4604008197784424,0
0,0.46498653292655945,0
1,0.4658447504043579,0
0,0.46882668137550354,0
0,0.45272818207740784,0
0,0.4717954397201538,0
1,0.4601539373397827,0
1,0.4696749448776245,0
0,0.4731384217739105,0
0,0.4656769633293152,0
0,0.46166732907295227,0
1,0.46205630898475647,0
0,0.4608168303966522,0
1,0.4696759581565857,0
1,0.46396517753601074,0
1,0.471098929643631,0
0,0.47086015343666077,0
1,0.46328434348106384,0
1,0.4635426104068756,0
0,0.4608595669269562,0
0,0.46082451939582825,0
1,0.4643450677394867,0
0,0.4613962769508362,0
0,0.45774394273757935,0
0,0.46820515394210815,0
0,0.4726070165634155,0
0,0.4548819959163666,0
1,0.46098020672798157,0
1,0.4728085994720459,0
0,0.4735962748527527,0
1,0.46277010440826416,0
0,0.4714283347129822,0
1,0.46998131275177,0
1,0.47037360072135925,0
0,0.4728136658668518,0
0,0.47367584705352783,0
0,0.4691893458366394,0
0,0.4725838005542755,0
0,0.45668670535087585,0
0,0.4608532190322876,0
1,0.4686409831047058,0
1,0.4538783133029938,0
0,0.4582538604736328,0
1,0.4703499674797058,0
0,0.46961694955825806,0
0,0.47005319595336914,0
0,0.45949435234069824,0
0,0.4712896943092346,0
0,0.4646030068397522,0
0,0.46358659863471985,0
0,0.4730522930622101,0
1,0.4678105115890503,0
0,0.46588853001594543,0
1,0.468610942363739,0
0,0.46461930871009827,0
0,0.47272786498069763,0
1,0.4707506000995636,0
1,0.47233524918556213,0
0,0.46492499113082886,0
0,0.4699850380420685,0
1,0.4717308282852173,0
0,0.45508524775505066,0
0,0.4642794132232666,0
0,0.4727438986301422,0
0,0.46442654728889465,0
1,0.4725889563560486,0
0,0.47206827998161316,0
1,0.46526220440864563,0
0,0.47347491979599,0
0,0.4717060923576355,0
0,0.46092209219932556,0
1,0.47300493717193604,0
0,0.4699274003505707,0
0,0.4698566496372223,0
1,0.46079668402671814,0
1,0.46891385316848755,0
1,0.47265052795410156,0
0,0.46237853169441223,0
1,0.4596517086029053,0
0,0.47003239393234253,0
0,0.4686664342880249,0
1,0.4590679705142975,0
1,0.4595494270324707,0
1,0.4730580151081085,0
0,0.47009745240211487,0
0,0.45612719655036926,0
0,0.4664769172668457,0
1,0.47264087200164795,0
1,0.47250860929489136,0
1,0.4692339599132538,0
0,0.47365376353263855,0
1,0.4727836549282074,0
0,0.4728161096572876,0
1,0.46463924646377563,0
1,0.4666425883769989,0
0,0.47385984659194946,0
0,0.47399473190307617,0
0,0.47075915336608887,0
1,0.46435877680778503,0
1,0.46966466307640076,0
0,0.47128826379776,0
0,0.4603908061981201,0
1,0.471371054649353,0
1,0.4346431791782379,0
1,0.46932950615882874,0
0,0.47085586190223694,0
1,0.4672647714614868,0
1,0.468330055475235,0
0,0.46534228324890137,0
1,0.4641852378845215,0
1,0.45408135652542114,0
0,0.4679288864135742,0
1,0.4649570882320404,0
0,0.47066500782966614,0
1,0.4713711738586426,0
0,0.47287747263908386,0
0,0.46539226174354553,0
1,0.4723448157310486,0
0,0.4729347229003906,0
0,0.46831321716308594,0
0,0.4722256660461426,0
0,0.47368237376213074,0
1,0.4702894687652588,0
0,0.47382834553718567,0
1,0.45440465211868286,0
1,0.4696512818336487,0
0,0.4707905948162079,0
0,0.46234411001205444,0
1,0.45367422699928284,0
0,0.4655173718929291,0
1,0.4708828330039978,0
1,0.4725370407104492,0
0,0.4561339020729065,0
0,0.46944454312324524,0
0,0.4654487073421478,0
1,0.4687182903289795,0
0,0.4671163558959961,0
0,0.46083736419677734,0
0,0.4708954989910126,0
1,0.4733196496963501,0
1,0.4727315306663513,0
0,0.4697065055370331,0
1,0.4699762463569641,0
1,0.46138739585876465,0
0,0.4739173352718353,0
1,0.469175785779953,0
1,0.4739301800727844,0
1,0.4643191993236542,0
1,0.47240185737609863,0
1,0.47015219926834106,0
0,0.47254273295402527,0
1,0.4664119780063629,0
0,0.467282772064209,0
0,0.46884340047836304,0
1,0.47086089849472046,0
1,0.473744660615921,0
1,0.47364184260368347,0
0,0.4723023772239685,0
0,0.4718852639198303,0
1,0.47302940487861633,0
0,0.4726797640323639,0
0,0.4727703332901001,0
0,0.47229620814323425,0
1,0.4681316316127777,0
0,0.46380478143692017,0
1,0.4661335349082947,0
1,0.46948733925819397,0
0,0.47268038988113403,0
0,0.4673142731189728,0
0,0.47201797366142273,0
0,0.46572354435920715,0
0,0.47154927253723145,0
1,0.454509437084198,0
1,0.4689492881298065,0
1,0.46903330087661743,0
0,0.4610500931739807,0
1,0.4607607424259186,0
0,0.468273788690567,0
1,0.4722776412963867,0
1,0.4505290687084198,0
0,0.471444696187973,0
1,0.4631415009498596,0
1,0.46035149693489075,0
1,0.47207900881767273,0
1,0.4696570336818695,0
1,0.47281143069267273,0
0,0.46825140714645386,0
1,0.4696538746356964,0
0,0.4636506736278534,0
0,0.4642018675804138,0
1,0.4669417142868042,0
0,0.4727935791015625,0
1,0.46399986743927,0
1,0.4644281566143036,0
1,0.4726567566394806,0
1,0.47434642910957336,0
0,0.47029849886894226,0
0,0.4705107510089874,0
0,0.46115177869796753,0
0,0.4713219106197357,0
0,0.45899906754493713,0
1,0.47287437319755554,0
0,0.47198179364204407,0
0,0.4727526307106018,0
0,0.46734485030174255,0
0,0.4741034507751465,0
0,0.47001734375953674,0
1,0.4546259939670563,0
1,0.4706641733646393,0
1,0.4679490327835083,0
0,0.4717414379119873,0
1,0.47067990899086,0
1,0.4730128049850464,0
1,0.47233837842941284,0
1,0.46061086654663086,0
0,0.4567694664001465,0
0,0.4700797498226166,0
0,0.46433892846107483,0
0,0.46462786197662354,0
0,0.4723277986049652,0
0,0.4726822078227997,0
0,0.45831209421157837,0
0,0.46432772278785706,0
1,0.4696492850780487,0
0,0.46715912222862244,0
0,0.4723028242588043,0
1,0.4734421372413635,0
1,0.4646602272987366,0
0,0.4626227021217346,0
0,0.4703027009963989,0
1,0.463799387216568,0
0,0.4739609956741333,0
0,0.4684325158596039,0
1,0.46311286091804504,0
1,0.4694908857345581,0
1,0.4708788990974426,0
0,0.46582740545272827,0
0,0.4634428322315216,0
1,0.4679073691368103,0
1,0.472695529460907,0
0,0.45642948150634766,0
1,0.47266942262649536,0
0,0.46100524067878723,0
1,0.4729718565940857,0
1,0.4647046625614166,0
0,0.47159841656684875,0
0,0.4669121503829956,0
1,0.46377426385879517,0
0,0.4642585515975952,0
1,0.46162301301956177,0
1,0.4652913212776184,0
1,0.4626389443874359,0
0,0.4719764292240143,0
1,0.46980705857276917,0
1,0.467352956533432,0
1,0.45452263951301575,0
1,0.4618963301181793,0
1,0.452793687582016,0
0,0.4564225971698761,0
0,0.46115192770957947,0
0,0.4742600917816162,0
1,0.4644797444343567,0
0,0.47033679485321045,0
0,0.46058860421180725,0
1,0.4626444876194,0
0,0.47099629044532776,0
1,0.47143495082855225,0
0,0.47286924719810486,0
0,0.47390374541282654,0
0,0.4570399522781372,0
0,0.46596527099609375,0
0,0.4709635078907013,0
1,0.46965208649635315,0
1,0.47373685240745544,0
1,0.4719906151294708,0
1,0.4737192988395691,0
1,0.4723486602306366,0
1,0.4706730842590332,0
0,0.4690426290035248,0
1,0.46967563033103943,0
1,0.46244511008262634,0
1,0.46573683619499207,0
0,0.4713243544101715,0
1,0.46873393654823303,0
1,0.4729900360107422,0
1,0.4643198847770691,0
1,0.472786545753479,0
1,0.47022926807403564,0
0,0.4628593921661377,0
1,0.47315075993537903,0
0,0.47177156805992126,0
0,0.47267651557922363,0
0,0.47003796696662903,0
0,0.4724598526954651,0
0,0.47274816036224365,0
1,0.45603981614112854,0
1,0.464625746011734,0
1,0.4646015167236328,0
1,0.46790122985839844,0
0,0.46953436732292175,0
0,0.4608132243156433,0
1,0.46539101004600525,0
1,0.4715086817741394,0
0,0.47081854939460754,0
1,0.47240301966667175,0
1,0.4708995223045349,0
1,0.468384325504303,0
0,0.4711754620075226,0
0,0.47390463948249817,0
1,0.4677622616291046,0
1,0.46934595704078674,0
0,0.46967384219169617,0
1,0.4533538818359375,0
0,0.4668947458267212,0
0,0.4542056620121002,0
0,0.4712735116481781,0
1,0.46074432134628296,0
0,0.45632341504096985,0
0,0.47136300802230835,0
0,0.4683913588523865,0
1,0.45890384912490845,0
1,0.46905720233917236,0
1,0.47092491388320923,0
1,0.472751259803772,0
1,0.4526119828224182,0
0,0.47264477610588074,0
1,0.46623870730400085,0
1,0.46852990984916687,0
0,0.4585779011249542,0
1,0.47314220666885376,0
0,0.47217264771461487,0
0,0.47314873337745667,0
1,0.46414831280708313,0
0,0.4621812403202057,0
1,0.47272250056266785,0
0,0.46996793150901794,0
0,0.46941009163856506,0
0,0.4696558117866516,0
1,0.46965491771698,0
0,0.4727768898010254,0
0,0.47254544496536255,0
1,0.46148964762687683,0
1,0.4642038941383362,0
1,0.4697713851928711,0
0,0.4699594974517822,0
1,0.46976184844970703,0
1,0.4604024291038513,0
1,0.4654276967048645,0
1,0.4639703333377838,0
1,0.46523594856262207,0
0,0.4695729613304138,0
0,0.4641662836074829,0
1,0.47023770213127136,0
0,0.46412140130996704,0
0,0.47052136063575745,0
0,0.4619010090827942,0
0,0.47177189588546753,0
0,0.4701901972293854,0
0,0.458663672208786,0
1,0.4698792099952698,0
0,0.4727470874786377,0
1,0.4617826044559479,0
1,0.4640029966831207,0
1,0.4563806653022766,0
0,0.4701712429523468,0
0,0.46929123997688293,0
0,0.47037187218666077,0
1,0.4698248505592346,0
0,0.4679511785507202,0
0,0.4661020338535309,0
0,0.455832302570343,0
0,0.4613734483718872,0
0,0.4729389548301697,0
1,0.4653295874595642,0
1,0.4714038074016571,0
1,0.464586079120636,0
0,0.4563024640083313,0
1,0.4682426452636719,0
1,0.4653061032295227,0
0,0.4593702554702759,0
1,0.4725317060947418,0
1,0.45971474051475525,0
1,0.46965324878692627,0
0,0.46538615226745605,0
0,0.45889830589294434,0
1,0.46776142716407776,0
1,0.46509748697280884,0
1,0.4727364480495453,0
1,0.4656381905078888,0
1,0.4693855047225952,0
0,0.467819482088089,0
1,0.4694207012653351,0
0,0.47092321515083313,0
0,0.4730149507522583,0
0,0.47015443444252014,0
0,0.4557954967021942,0
0,0.4640786051750183,0
0,0.47266292572021484,0
0,0.45326167345046997,0
1,0.47240686416625977,0
0,0.4590197503566742,0
0,0.4706616997718811,0
0,0.472912460565567,0
0,0.4711020886898041,0
0,0.47180289030075073,0
0,0.4710550010204315,0
1,0.47104188799858093,0
1,0.4730098247528076,0
0,0.46035462617874146,0
1,0.47256600856781006,0
1,0.46984973549842834,0
0,0.47267448902130127,0
1,0.4674203395843506,0
0,0.47312742471694946,0
0,0.463162362575531,0
1,0.4722059369087219,0
1,0.473982036113739,0
0,0.46087101101875305,0
1,0.46886172890663147,0
1,0.47388002276420593,0
1,0.46559369564056396,0
0,0.46075794100761414,0
1,0.4712983965873718,0
1,0.4622320830821991,0
0,0.4678364098072052,0
0,0.4695320427417755,0
1,0.4702591001987457,0
0,0.4709432125091553,0
0,0.45905500650405884,0
0,0.4645954966545105,0
0,0.47203394770622253,0
1,0.4706626832485199,0
0,0.4682619869709015,0
1,0.47081097960472107,0
1,0.4651965796947479,0
0,0.4673372805118561,0
1,0.46253761649131775,0
0,0.47029200196266174,0
1,0.47275060415267944,0
1,0.4648297131061554,0
0,0.4725629687309265,0
0,0.46094179153442383,0
1,0.4709542989730835,0
1,0.46975865960121155,0
1,0.4735422730445862,0
1,0.45387324690818787,0
0,0.46378904581069946,0
0,0.47053036093711853,0
0,0.47103244066238403,0
1,0.4691709578037262,0
1,0.4706484377384186,0
0,0.47150173783302307,0
1,0.46037203073501587,0
1,0.46957457065582275,0
1,0.4551781415939331,0
1,0.4662887454032898,0
1,0.46682146191596985,0
0,0.4616926312446594,0
1,0.4569944143295288,0
1,0.4714541435241699,0
1,0.4645339548587799,0
0,0.4572274684906006,0
1,0.47077256441116333,0
1,0.45953577756881714,0
0,0.45834770798683167,0
1,0.4727453291416168,0
0,0.4643853008747101,0
1,0.46464166045188904,0
1,0.46650245785713196,0
1,0.47185298800468445,0
0,0.46937504410743713,0
0,0.47341033816337585,0
1,0.4686935544013977,0
0,0.46563565731048584,0
1,0.46246856451034546,0
0,0.46801796555519104,0
1,0.4710617959499359,0
0,0.4706169068813324,0
0,0.46119561791419983,0
1,0.45333656668663025,0
1,0.45979881286621094,0
1,0.46482616662979126,0
0,0.4695962369441986,0
0,0.4726108908653259,0
1,0.4689801335334778,0
1,0.47112274169921875,0
1,0.46462133526802063,0
1,0.46997445821762085,0
0,0.4729011356830597,0
1,0.47340095043182373,0
1,0.46064838767051697,0
1,0.47301986813545227,0
1,0.4645920991897583,0
0,0.472063273191452,0
1,0.46816423535346985,0
0,0.470432847738266,0
0,0.46171295642852783,0
1,0.44365736842155457,0
1,0.46458199620246887,0
0,0.4631712734699249,0
1,0.4700160622596741,0
0,0.46656498312950134,0
1,0.47019436955451965,0
1,0.46758976578712463,0
0,0.47020992636680603,0
1,0.46843287348747253,0
0,0.4541531205177307,0
0,0.4696526527404785,0
0,0.4687529504299164,0
1,0.4543498158454895,0
1,0.4545539617538452,0
1,0.4655399024486542,0
0,0.4699496030807495,0
1,0.4523853659629822,0
1,0.47231945395469666,0
1,0.455471396446228,0
0,0.47202906012535095,0
1,0.47198647260665894,0
0,0.47386497259140015,0
0,0.47147512435913086,0
0,0.4723527133464813,0
0,0.4572170078754425,0
1,0.46458107233047485,0
1,0.4690895974636078,0
1,0.4697619080543518,0
1,0.4642837345600128,0
1,0.4615635275840759,0
1,0.46768084168434143,0
1,0.4641663730144501,0
0,0.46238189935684204,0
0,0.46304982900619507,0
0,0.4727594256401062,0
0,0.4722517132759094,0
0,0.4730890989303589,0
1,0.4643419086933136,0
0,0.4494268596172333,0
1,0.46965229511260986,0
1,0.4663849174976349,0
1,0.46796131134033203,0
1,0.46476832032203674,0
0,0.4585217237472534,0
0,0.4642910361289978,0
0,0.46963515877723694,0
0,0.4672057330608368,0
1,0.4593876600265503,0
0,0.4735426902770996,0
1,0.46965911984443665,0
1,0.4697851240634918,0
1,0.460864782333374,0
0,0.47135886549949646,0
0,0.4615354537963867,0
0,0.4730876088142395,0
0,0.46851199865341187,0
1,0.4726956784725189,0
1,0.4733309745788574,0
1,0.4710947871208191,0
1,0.4559269845485687,0
1,0.4733142852783203,0
1,0.458047479391098,0
1,0.46942222118377686,0
1,0.4706985056400299,0
0,0.47398748993873596,0
1,0.46671462059020996,0
1,0.4727114140987396,0
1,0.4626568853855133,0
0,0.46251168847084045,0
0,0.4736675024032593,0
0,0.4689716100692749,0
0,0.4706316292285919,0
0,0.47270235419273376,0
1,0.4737958610057831,0
1,0.47299832105636597,0
0,0.4704199731349945,0
0,0.47292032837867737,0
1,0.4719032049179077,0
0,0.47270140051841736,0
0,0.4699868857860565,0
0,0.4557785987854004,0
0,0.4727116823196411,0
1,0.4657112956047058,0
1,0.47426217794418335,0
0,0.4720931053161621,0
1,0.46027109026908875,0
0,0.46183255314826965,0
0,0.473933607339859,0
0,0.46717119216918945,0
0,0.4731582701206207,0
0,0.47323065996170044,0
1,0.47292056679725647,0
1,0.467670738697052,0
0,0.46088507771492004,0
1,0.4557867646217346,0
0,0.461068719625473,0
0,0.4722747206687927,0
1,0.4577694237232208,0
1,0.45533087849617004,0
0,0.4701736569404602,0
0,0.4721449017524719,0
0,0.47256386280059814,0
0,0.4718693196773529,0
0,0.47265973687171936,0
0,0.4696519374847412,0
0,0.4565686583518982,0
1,0.46886342763900757,0
1,0.4730755686759949,0
1,0.45568305253982544,0
0,0.4674224257469177,0
1,0.4543105363845825,0
0,0.4654528796672821,0
0,0.4725853204727173,0
1,0.4554550349712372,0
0,0.47265392541885376,0
1,0.4718896150588989,0
0,0.4691755771636963,0
0,0.45985305309295654,0
0,0.4724355936050415,0
1,0.4696204662322998,0
0,0.462693452835083,0
0,0.4732879102230072,0
1,0.46869680285453796,0
0,0.4537971317768097,0
0,0.4704905152320862,0
1,0.47114670276641846,0
0,0.4646494388580322,0
0,0.4704706370830536,0
0,0.4696338474750519,0
0,0.46806570887565613,0
